Secchi Depth (cm) = 0543
Forel Ule Scale = 13
pH Colour Scale = 99
SensingSecchi S/N = A005
Latitude (degs N) = 56.539217
Longitude (degs E) = -5.40433
Date = 2405161024
Millisecond since start, Pressure (mbar) MS5803, Temp (deg C) MS5803, 415nm, 445nm, 480nm, 515nm, 555nm, 590nm, 630nm, 680nm, Clear, NIR
129243, 998.00, 14.11, 903, 1329, 1846, 2180, 2368, 2587, 3083, 3489, 12182, 4882
129592, 997.90, 14.12, 826, 1199, 1658, 1966, 2106, 2300, 2767, 3164, 9647, 3999
129939, 997.80, 14.11, 856, 1233, 1680, 2056, 2299, 2523, 3005, 3374, 8593, 3593
130290, 998.00, 14.12, 891, 1299, 1752, 2164, 2641, 2801, 3370, 3781, 9993, 3997
130637, 997.90, 14.11, 1159, 1796, 2407, 2950, 3312, 3533, 4242, 4690, 15966, 6161
130983, 997.80, 14.11, 1206, 1853, 2497, 3045, 3369, 3583, 4300, 4771, 16041, 6246
131330, 997.90, 14.11, 1197, 1832, 2473, 3024, 3285, 3493, 4220, 4628, 15966, 6322
131677, 998.00, 14.12, 1177, 1778, 2417, 2940, 3202, 3394, 4109, 4502, 15353, 6065
132025, 998.20, 14.12, 1139, 1740, 2359, 2870, 3202, 3406, 4110, 4506, 15386, 6028
132376, 998.60, 14.14, 1084, 1709, 2292, 2816, 3092, 3250, 3973, 4369, 15054, 5914
132724, 998.00, 14.14, 1058, 1635, 2200, 2658, 2921, 3161, 3702, 4195, 15472, 6067
133072, 998.10, 14.13, 1157, 1726, 2351, 2833, 3055, 3304, 3888, 4392, 15421, 6063
133419, 998.30, 14.14, 1106, 1643, 2230, 2707, 2976, 3244, 3775, 4286, 15128, 5906
133766, 998.30, 14.15, 1032, 1554, 2092, 2556, 2953, 3222, 3751, 4220, 14595, 5657
134112, 998.50, 14.15, 1018, 1518, 2046, 2496, 2894, 3160, 3683, 4164, 15149, 5867
134463, 998.50, 14.16, 1001, 1508, 2029, 2477, 2787, 3051, 3550, 4022, 15494, 6067
134811, 998.40, 14.16, 1039, 1565, 2100, 2583, 2831, 3086, 3613, 4053, 15233, 5960
135157, 998.30, 14.16, 1056, 1583, 2121, 2607, 2832, 3087, 3606, 4062, 14940, 5845
135506, 998.60, 14.17, 1050, 1570, 2117, 2572, 2771, 2991, 3492, 3968, 15020, 5961
135854, 998.20, 14.17, 977, 1470, 1984, 2394, 2650, 2862, 3348, 3805, 14318, 5746
136202, 998.20, 14.17, 968, 1462, 1971, 2379, 2604, 2805, 3295, 3744, 13662, 5485
136554, 998.20, 14.18, 935, 1416, 1913, 2304, 2521, 2682, 3186, 3604, 13252, 5380
136901, 998.20, 14.21, 876, 1334, 1788, 2149, 2371, 2536, 2984, 3430, 13420, 5408
137248, 998.50, 14.22, 954, 1406, 1898, 2317, 2611, 2864, 3351, 3747, 14856, 5854
137594, 998.20, 14.22, 945, 1479, 1960, 2472, 2577, 2723, 3348, 3649, 14810, 6017
137942, 998.10, 14.23, 800, 1230, 1652, 2033, 2059, 2218, 2702, 2992, 9051, 3654
138299, 998.20, 14.23, 783, 1136, 1544, 1912, 2160, 2348, 2816, 3072, 7530, 2898
138646, 998.50, 14.23, 804, 1238, 1646, 2052, 2316, 2428, 2932, 3268, 10950, 4473
138998, 998.60, 14.23, 901, 1350, 1825, 2183, 2474, 2723, 3134, 3585, 14410, 5669
139345, 998.50, 14.24, 883, 1376, 1835, 2278, 2417, 2559, 3138, 3435, 14830, 5957
139693, 998.40, 14.24, 772, 1194, 1626, 1974, 2009, 2155, 2604, 2891, 11008, 4472
140042, 998.30, 14.24, 731, 1083, 1493, 1799, 1956, 2138, 2531, 2839, 7245, 2720
140391, 998.30, 14.24, 701, 1034, 1410, 1706, 1916, 2044, 2447, 2738, 5542, 2028
140738, 998.40, 14.25, 714, 1056, 1430, 1736, 2036, 2189, 2604, 2911, 6487, 2324
141089, 998.40, 14.25, 724, 1101, 1458, 1815, 1981, 2122, 2543, 2826, 7221, 2664
141438, 1000.40, 14.26, 698, 1056, 1406, 1734, 1786, 1933, 2203, 2579, 6212, 2096
141785, 1004.80, 14.26, 648, 1048, 1387, 1710, 2150, 2213, 2675, 3009, 9796, 2847
142133, 1011.00, 14.27, 726, 1144, 1592, 1882, 2095, 2161, 2538, 2901, 9290, 1950
142482, 1014.40, 14.27, 665, 1055, 1459, 1760, 2031, 2091, 2430, 2793, 8858, 1649
142829, 1017.20, 14.27, 658, 1046, 1468, 1759, 1997, 2055, 2378, 2723, 8513, 1423
143181, 1020.80, 14.28, 617, 989, 1387, 1686, 1930, 1984, 2307, 2602, 8004, 1222
143539, 1026.10, 14.28, 577, 930, 1319, 1622, 1824, 1880, 2185, 2428, 7141, 959
143887, 1029.60, 14.28, 552, 897, 1284, 1593, 1767, 1825, 2112, 2318, 6453, 778
144237, 1036.10, 14.28, 536, 877, 1267, 1580, 1912, 1940, 2278, 2448, 6559, 708
144586, 1041.20, 14.28, 526, 882, 1280, 1615, 1789, 1832, 2121, 2266, 5306, 507
144933, 1045.10, 14.29, 522, 891, 1291, 1648, 1840, 1871, 2161, 2300, 4898, 421
145285, 1048.20, 14.28, 478, 802, 1175, 1497, 1705, 1725, 1983, 2103, 3738, 303
145634, 1051.30, 14.27, 472, 782, 1169, 1475, 1667, 1686, 1928, 2027, 3480, 275
145982, 1056.20, 14.25, 431, 707, 1077, 1348, 1509, 1511, 1733, 1804, 2926, 237
146330, 1063.00, 14.23, 367, 599, 926, 1183, 1297, 1306, 1502, 1520, 2840, 223
146678, 1065.50, 14.16, 338, 559, 867, 1127, 1311, 1329, 1537, 1526, 3754, 284
147025, 1071.60, 14.14, 361, 616, 962, 1233, 1427, 1430, 1633, 1623, 5010, 397
147374, 1074.90, 14.10, 367, 631, 992, 1274, 1524, 1509, 1734, 1693, 5985, 482
147725, 1079.40, 14.07, 384, 675, 1052, 1374, 1638, 1626, 1855, 1802, 6758, 535
148073, 1091.40, 14.04, 412, 743, 1150, 1521, 1683, 1655, 1853, 1764, 6951, 534
148420, 1103.50, 14.01, 400, 734, 1150, 1552, 1739, 1710, 1851, 1748, 6656, 490
148768, 1110.80, 13.96, 342, 616, 973, 1318, 1560, 1551, 1641, 1542, 6436, 473
149116, 1120.10, 13.90, 352, 637, 1014, 1379, 1492, 1491, 1541, 1450, 6129, 447
149465, 1126.50, 13.84, 334, 605, 970, 1320, 1576, 1570, 1588, 1496, 5965, 429
149825, 1137.30, 13.79, 315, 574, 932, 1260, 1357, 1312, 1334, 1241, 5484, 403
150172, 1145.70, 13.75, 321, 587, 967, 1307, 1644, 1616, 1562, 1464, 5401, 379
150518, 1154.50, 13.71, 329, 604, 1008, 1362, 1516, 1464, 1415, 1309, 5197, 370
150865, 1161.00, 13.68, 305, 563, 948, 1281, 1509, 1453, 1381, 1272, 4969, 351
151212, 1165.60, 13.63, 296, 547, 925, 1249, 1481, 1414, 1342, 1230, 4829, 343
151560, 1174.10, 13.58, 287, 533, 910, 1228, 1431, 1354, 1274, 1158, 4576, 327
151913, 1184.80, 13.53, 269, 503, 867, 1169, 1348, 1258, 1174, 1053, 4220, 306
152261, 1191.20, 13.49, 251, 471, 817, 1103, 1340, 1240, 1142, 1024, 4008, 291
152610, 1200.10, 13.44, 244, 461, 807, 1087, 1291, 1183, 1081, 963, 3721, 272
152957, 1207.10, 13.40, 228, 434, 766, 1034, 1254, 1135, 1034, 910, 3503, 258
153304, 1213.90, 13.36, 219, 419, 744, 1010, 1236, 1112, 1009, 879, 3271, 239
153651, 1223.50, 13.32, 212, 410, 733, 998, 1224, 1090, 983, 841, 3177, 232
153997, 1233.40, 13.26, 202, 396, 715, 980, 1202, 1061, 946, 796, 2986, 214
154349, 1238.30, 13.22, 193, 380, 688, 951, 1158, 1022, 906, 754, 2777, 197
154699, 1248.10, 13.18, 182, 358, 652, 908, 1097, 967, 849, 697, 2544, 179
155048, 1255.60, 13.14, 170, 336, 617, 866, 1038, 912, 791, 641, 2316, 162
155396, 1259.10, 13.09, 166, 328, 605, 854, 1041, 910, 787, 633, 2246, 156
155745, 1265.80, 13.04, 158, 312, 579, 820, 1012, 881, 756, 602, 2089, 144
156095, 1276.60, 13.00, 148, 291, 544, 775, 958, 830, 704, 554, 1891, 130
156443, 1282.50, 12.96, 147, 295, 556, 799, 951, 818, 690, 536, 1802, 123
156796, 1293.10, 12.93, 137, 274, 518, 749, 939, 804, 674, 514, 1735, 117
157143, 1302.20, 12.89, 137, 278, 531, 773, 904, 768, 635, 479, 1574, 106
157490, 1304.80, 12.85, 130, 265, 508, 744, 952, 803, 668, 494, 1696, 112
157838, 1313.40, 12.80, 127, 258, 497, 729, 875, 739, 605, 449, 1407, 93
158187, 1321.80, 12.77, 120, 243, 473, 697, 868, 727, 591, 432, 1352, 89
158534, 1325.10, 12.73, 118, 242, 472, 699, 836, 700, 566, 413, 1246, 81
158885, 1336.40, 12.70, 104, 208, 409, 608, 745, 627, 496, 361, 1017, 67
159234, 1343.50, 12.67, 104, 212, 420, 630, 762, 634, 500, 358, 1029, 67
159581, 1350.90, 12.64, 100, 204, 408, 612, 765, 632, 496, 351, 1019, 66
159929, 1361.40, 12.61, 97, 198, 398, 599, 750, 614, 478, 333, 970, 62
160278, 1366.90, 12.59, 96, 198, 401, 607, 760, 620, 477, 329, 988, 63
160625, 1371.60, 12.56, 92, 187, 381, 578, 706, 579, 443, 306, 850, 54
160973, 1381.00, 12.55, 88, 180, 370, 562, 732, 596, 450, 306, 908, 57
161324, 1387.50, 12.53, 91, 187, 387, 590, 695, 565, 424, 287, 820, 52
161673, 1397.00, 12.51, 83, 168, 350, 535, 689, 557, 413, 276, 808, 51
162022, 1405.20, 12.49, 81, 166, 349, 535, 642, 518, 381, 253, 705, 45
162372, 1414.50, 12.44, 73, 148, 315, 486, 661, 529, 385, 251, 755, 47
162720, 1424.40, 12.42, 77, 157, 337, 520, 647, 515, 370, 238, 732, 46
163067, 1431.00, 12.41, 75, 154, 332, 515, 630, 500, 357, 227, 703, 44
163416, 1438.60, 12.39, 74, 154, 334, 520, 678, 532, 375, 235, 837, 51
163764, 1448.00, 12.37, 73, 152, 333, 521, 626, 490, 343, 213, 722, 45
164117, 1455.50, 12.36, 63, 127, 282, 444, 553, 435, 301, 187, 567, 37
164464, 1462.50, 12.34, 61, 125, 277, 437, 545, 428, 292, 181, 556, 36
164814, 1468.80, 12.31, 59, 120, 269, 424, 559, 437, 295, 181, 594, 38
165163, 1473.70, 12.28, 55, 111, 250, 395, 488, 383, 259, 159, 473, 32
165510, 1482.00, 12.26, 56, 113, 257, 407, 531, 414, 275, 167, 555, 36
165857, 1491.30, 12.23, 58, 120, 272, 434, 560, 435, 284, 170, 635, 40
166205, 1498.50, 12.21, 56, 113, 260, 416, 548, 426, 276, 164, 625, 39
166555, 1508.20, 12.18, 61, 130, 296, 478, 586, 451, 286, 168, 749, 46
166903, 1512.60, 12.15, 51, 104, 241, 389, 489, 378, 243, 142, 536, 35
167251, 1520.60, 12.12, 56, 116, 267, 433, 557, 429, 267, 156, 698, 43
167599, 1527.60, 12.10, 53, 111, 259, 420, 509, 391, 243, 141, 602, 39
167947, 1533.00, 12.08, 51, 104, 245, 399, 513, 393, 242, 140, 623, 40
168295, 1542.90, 12.05, 52, 109, 255, 415, 533, 405, 245, 140, 680, 42
168643, 1550.20, 12.03, 50, 103, 244, 399, 483, 366, 222, 126, 598, 38
168993, 1557.30, 12.01, 47, 97, 232, 381, 491, 373, 223, 126, 636, 40
169340, 1561.20, 11.99, 48, 101, 240, 396, 490, 371, 221, 124, 657, 41
169686, 1566.70, 11.97, 46, 96, 230, 380, 488, 370, 219, 122, 679, 43
170033, 1575.90, 11.94, 47, 99, 238, 394, 500, 378, 218, 122, 723, 45
170380, 1583.20, 11.92, 45, 93, 227, 375, 471, 349, 205, 112, 652, 41
170726, 1589.20, 11.90, 45, 96, 233, 384, 492, 362, 208, 114, 695, 43
171074, 1599.90, 11.88, 52, 113, 276, 450, 528, 385, 215, 118, 785, 49
171424, 1605.50, 11.85, 44, 93, 229, 380, 459, 339, 192, 103, 672, 42
171773, 1613.60, 11.83, 41, 87, 215, 359, 458, 340, 189, 102, 700, 44
172120, 1616.10, 11.82, 41, 85, 212, 355, 444, 327, 183, 97, 676, 42
172467, 1624.70, 11.80, 42, 87, 218, 364, 464, 343, 185, 100, 742, 46
172815, 1632.30, 11.79, 41, 86, 215, 361, 449, 324, 179, 94, 676, 42
173162, 1641.10, 11.78, 40, 85, 216, 358, 466, 332, 179, 94, 692, 43
173509, 1651.40, 11.77, 42, 92, 232, 386, 468, 332, 176, 93, 695, 43
173860, 1661.50, 11.75, 41, 88, 224, 372, 474, 337, 174, 92, 720, 45
174209, 1670.60, 11.71, 39, 84, 215, 363, 442, 316, 163, 85, 664, 41
174557, 1679.10, 11.69, 37, 79, 204, 346, 425, 305, 156, 80, 644, 40
174905, 1685.80, 11.68, 35, 74, 193, 330, 404, 290, 149, 75, 601, 38
175251, 1692.50, 11.66, 33, 70, 183, 315, 403, 287, 147, 74, 593, 37
175599, 1699.90, 11.65, 34, 73, 190, 327, 414, 293, 147, 74, 604, 38
175948, 1706.60, 11.64, 34, 72, 189, 324, 423, 295, 147, 74, 598, 37
176298, 1715.00, 11.63, 37, 81, 212, 360, 459, 314, 152, 77, 656, 40
176649, 1721.50, 11.62, 35, 75, 199, 340, 427, 291, 142, 71, 561, 35
176998, 1729.30, 11.62, 34, 73, 194, 333, 427, 291, 141, 70, 558, 35
177345, 1734.90, 11.62, 34, 73, 194, 334, 415, 283, 137, 68, 538, 34
177692, 1739.90, 11.61, 32, 69, 183, 317, 400, 273, 133, 65, 509, 33
178040, 1745.40, 11.60, 31, 66, 177, 308, 402, 272, 132, 64, 510, 33
178389, 1750.30, 11.59, 31, 67, 181, 314, 404, 271, 132, 64, 507, 33
178736, 1754.60, 11.59, 31, 67, 179, 311, 412, 274, 132, 64, 521, 34
179088, 1760.80, 11.58, 30, 65, 176, 305, 407, 270, 130, 63, 511, 33
179437, 1768.60, 11.58, 31, 68, 184, 318, 415, 272, 129, 62, 531, 34
179784, 1773.80, 11.57, 30, 64, 176, 304, 393, 257, 123, 59, 488, 32
180131, 1782.80, 11.56, 29, 64, 176, 303, 403, 262, 123, 59, 514, 33
180495, 1789.60, 11.56, 29, 63, 175, 301, 386, 250, 117, 56, 487, 33
180844, 1797.60, 11.55, 28, 60, 168, 288, 388, 249, 115, 55, 500, 34
181193, 1799.10, 11.54, 29, 63, 175, 300, 391, 250, 115, 55, 514, 35
181544, 1802.30, 11.53, 27, 60, 166, 286, 390, 249, 114, 55, 521, 35
181892, 1809.00, 11.52, 28, 62, 172, 295, 396, 251, 114, 55, 542, 37
182240, 1813.90, 11.52, 28, 63, 174, 300, 396, 250, 112, 54, 554, 37
182588, 1821.90, 11.51, 28, 61, 171, 293, 392, 246, 110, 52, 560, 38
182937, 1827.10, 11.50, 27, 61, 171, 295, 383, 241, 106, 51, 555, 38
183284, 1834.10, 11.50, 27, 59, 166, 287, 383, 240, 105, 50, 566, 38
183631, 1837.80, 11.50, 27, 60, 168, 290, 382, 239, 104, 50, 571, 38
183979, 1841.90, 11.50, 26, 58, 165, 284, 378, 237, 102, 49, 568, 38
184329, 1846.90, 11.49, 26, 58, 165, 284, 379, 236, 101, 48, 572, 38
184676, 1850.40, 11.50, 26, 58, 164, 283, 375, 234, 99, 48, 567, 38
185026, 1856.40, 11.50, 26, 57, 163, 282, 376, 233, 98, 47, 570, 38
185374, 1859.90, 11.50, 26, 57, 162, 280, 370, 230, 96, 46, 558, 37
185721, 1865.20, 11.50, 25, 56, 161, 278, 368, 229, 95, 46, 555, 37
186071, 1870.20, 11.50, 25, 56, 160, 278, 369, 227, 95, 45, 557, 37
186417, 1876.10, 11.50, 25, 54, 156, 272, 360, 223, 92, 44, 539, 36
186768, 1881.50, 11.50, 24, 53, 154, 267, 356, 219, 90, 43, 530, 36
187119, 1882.40, 11.50, 24, 52, 152, 265, 352, 217, 89, 42, 515, 35
187467, 1879.80, 11.50, 24, 52, 151, 264, 351, 217, 89, 42, 507, 34
187815, 1878.50, 11.50, 24, 52, 151, 263, 354, 218, 91, 43, 504, 34
188165, 1877.40, 11.49, 24, 52, 152, 265, 354, 218, 91, 43, 496, 34
188515, 1876.00, 11.48, 24, 52, 152, 266, 353, 218, 91, 43, 487, 33
188862, 1873.50, 11.49, 24, 52, 151, 265, 354, 218, 92, 43, 478, 32
189220, 1869.70, 11.49, 24, 52, 150, 262, 350, 217, 92, 43, 463, 31
189567, 1866.70, 11.48, 24, 51, 149, 262, 352, 219, 93, 43, 460, 31
189915, 1862.10, 11.47, 23, 51, 148, 261, 351, 219, 94, 43, 452, 30
190264, 1856.50, 11.47, 24, 51, 147, 261, 342, 217, 93, 43, 434, 29
190613, 1851.80, 11.46, 24, 52, 149, 265, 346, 220, 95, 44, 442, 29
190961, 1846.70, 11.45, 24, 52, 149, 265, 344, 221, 96, 44, 443, 29
191308, 1842.00, 11.44, 24, 52, 147, 264, 348, 225, 97, 45, 458, 29
191655, 1834.90, 11.43, 24, 52, 147, 263, 341, 223, 97, 45, 455, 29
192005, 1830.80, 11.42, 24, 51, 146, 262, 343, 225, 98, 46, 470, 30
192352, 1826.00, 11.41, 25, 53, 150, 267, 343, 226, 98, 46, 484, 30
192701, 1821.50, 11.40, 25, 54, 153, 271, 345, 228, 99, 47, 502, 32
193048, 1814.90, 11.39, 26, 55, 156, 274, 350, 231, 101, 48, 531, 33
193395, 1809.50, 11.38, 26, 56, 158, 275, 356, 234, 104, 49, 562, 36
193743, 1803.80, 11.37, 27, 58, 161, 281, 362, 237, 106, 50, 603, 38
194091, 1798.50, 11.37, 27, 59, 165, 286, 367, 240, 108, 51, 638, 41
194443, 1792.60, 11.36, 27, 60, 167, 289, 373, 245, 111, 53, 678, 44
194792, 1784.20, 11.35, 29, 64, 176, 303, 390, 254, 117, 55, 725, 47
195139, 1778.60, 11.34, 30, 67, 183, 315, 399, 260, 120, 57, 771, 50
195487, 1768.70, 11.34, 30, 68, 185, 317, 410, 267, 125, 60, 815, 53
195834, 1763.40, 11.33, 32, 72, 194, 331, 423, 275, 130, 63, 853, 56
196182, 1754.20, 11.32, 32, 71, 192, 328, 428, 281, 134, 65, 880, 58
196530, 1749.50, 11.31, 33, 76, 202, 343, 436, 286, 137, 67, 907, 59
196881, 1738.80, 11.31, 33, 76, 201, 342, 458, 301, 145, 71, 938, 61
197228, 1735.80, 11.31, 37, 87, 228, 389, 488, 319, 155, 76, 962, 62
197575, 1727.40, 11.30, 35, 81, 212, 359, 469, 311, 152, 75, 988, 64
197921, 1719.10, 11.30, 37, 86, 223, 376, 478, 319, 157, 78, 1017, 66
198268, 1711.50, 11.29, 37, 86, 221, 375, 486, 326, 161, 81, 1041, 68
198616, 1705.20, 11.29, 39, 91, 233, 394, 498, 336, 167, 84, 1066, 69
198966, 1697.40, 11.29, 38, 87, 223, 377, 480, 327, 163, 83, 1080, 71
199315, 1694.30, 11.28, 42, 96, 243, 411, 522, 355, 177, 90, 1099, 71
199666, 1688.10, 11.28, 40, 91, 229, 386, 498, 342, 172, 89, 1109, 73
200016, 1682.30, 11.28, 42, 95, 238, 400, 506, 349, 176, 91, 1118, 74
200365, 1674.80, 11.28, 42, 95, 239, 400, 512, 354, 179, 94, 1125, 75
200712, 1668.60, 11.27, 43, 97, 244, 405, 528, 366, 185, 98, 1134, 76
201061, 1664.20, 11.27, 45, 100, 250, 415, 535, 372, 188, 101, 1136, 76
201410, 1659.30, 11.27, 45, 101, 253, 418, 539, 375, 191, 102, 1142, 76
201757, 1652.90, 11.27, 47, 104, 258, 426, 543, 380, 194, 105, 1155, 77
202106, 1646.10, 11.26, 48, 107, 263, 433, 557, 391, 201, 109, 1174, 79
202456, 1638.00, 11.26, 49, 109, 267, 438, 567, 400, 208, 114, 1196, 80
202803, 1631.40, 11.25, 50, 111, 272, 444, 580, 412, 216, 119, 1213, 81
203151, 1626.20, 11.25, 51, 112, 273, 444, 567, 402, 213, 118, 1220, 83
203500, 1620.50, 11.25, 52, 114, 278, 452, 576, 410, 218, 122, 1225, 83
203847, 1613.50, 11.25, 53, 115, 279, 450, 588, 419, 224, 126, 1232, 84
204194, 1604.90, 11.25, 54, 119, 287, 460, 599, 427, 231, 131, 1246, 85
204543, 1597.90, 11.24, 57, 124, 298, 475, 622, 445, 241, 139, 1268, 86
204890, 1589.60, 11.24, 58, 126, 302, 480, 624, 447, 246, 142, 1281, 88
205238, 1582.10, 11.23, 59, 130, 310, 491, 642, 462, 256, 149, 1311, 89
205585, 1574.20, 11.23, 61, 133, 315, 498, 643, 464, 259, 152, 1336, 92
205932, 1564.50, 11.22, 62, 136, 320, 504, 651, 474, 268, 158, 1374, 94
206279, 1555.30, 11.22, 64, 139, 325, 512, 658, 482, 276, 164, 1418, 97
206627, 1546.90, 11.21, 65, 142, 329, 518, 667, 492, 285, 170, 1455, 100
206977, 1539.70, 11.21, 67, 145, 335, 526, 669, 496, 290, 174, 1483, 102
207324, 1533.50, 11.21, 68, 147, 337, 528, 686, 510, 300, 181, 1518, 104
207671, 1526.90, 11.20, 69, 151, 344, 539, 699, 522, 309, 187, 1557, 107
208019, 1520.60, 11.21, 71, 155, 353, 551, 705, 528, 316, 192, 1593, 109
208367, 1511.60, 11.20, 72, 156, 352, 551, 705, 532, 322, 196, 1638, 112
208716, 1503.90, 11.20, 74, 161, 363, 567, 710, 539, 331, 202, 1686, 116
209065, 1494.00, 11.20, 76, 166, 370, 577, 737, 563, 349, 216, 1744, 119
209416, 1485.90, 11.19, 79, 170, 376, 584, 737, 565, 355, 221, 1775, 122
209765, 1479.00, 11.19, 78, 168, 371, 573, 731, 561, 357, 224, 1780, 124
210112, 1470.70, 11.20, 80, 172, 376, 579, 748, 577, 370, 235, 1800, 125
210459, 1465.20, 11.20, 86, 183, 401, 614, 774, 597, 385, 247, 1818, 126
210806, 1457.60, 11.19, 86, 185, 402, 614, 790, 612, 397, 257, 1842, 128
211152, 1450.20, 11.19, 89, 191, 412, 626, 807, 629, 411, 269, 1874, 130
211499, 1439.90, 11.19, 91, 194, 416, 630, 809, 634, 420, 278, 1899, 133
211848, 1428.80, 11.19, 96, 203, 433, 651, 839, 659, 444, 297, 1938, 136
212195, 1421.20, 11.20, 96, 204, 431, 646, 825, 649, 445, 299, 1913, 135
212543, 1410.20, 11.21, 101, 214, 450, 670, 863, 683, 473, 324, 1960, 138
212891, 1401.40, 11.22, 104, 219, 458, 679, 876, 695, 489, 336, 2006, 142
213239, 1392.00, 11.23, 109, 231, 477, 703, 901, 720, 514, 358, 2043, 144
213586, 1385.70, 11.24, 112, 236, 484, 712, 905, 726, 525, 367, 2040, 144
213933, 1376.20, 11.25, 114, 239, 487, 716, 915, 737, 541, 381, 2054, 145
214284, 1364.90, 11.27, 120, 250, 505, 739, 944, 766, 569, 407, 2072, 146
214633, 1355.70, 11.29, 122, 252, 506, 737, 922, 757, 566, 408, 1994, 140
214980, 1343.80, 11.31, 126, 259, 517, 751, 957, 786, 603, 437, 2068, 145
215328, 1336.30, 11.34, 129, 264, 521, 757, 967, 798, 621, 452, 2030, 141
215677, 1325.70, 11.36, 135, 281, 550, 799, 1019, 842, 670, 488, 2128, 147
216025, 1316.90, 11.38, 145, 303, 586, 848, 1045, 870, 702, 517, 2170, 148
216375, 1307.10, 11.39, 149, 309, 594, 859, 1063, 892, 728, 542, 2206, 151
216735, 1298.20, 11.41, 155, 317, 604, 867, 1077, 911, 750, 568, 2224, 152
217083, 1291.20, 11.42, 158, 320, 608, 869, 1089, 927, 766, 587, 2250, 154
217429, 1281.50, 11.43, 166, 338, 638, 907, 1123, 959, 803, 620, 2336, 160
217777, 1273.50, 11.44, 174, 354, 662, 939, 1173, 1004, 855, 663, 2478, 170
218125, 1260.80, 11.46, 184, 374, 694, 980, 1226, 1054, 916, 719, 2677, 184
218471, 1251.30, 11.46, 190, 380, 696, 978, 1238, 1075, 947, 755, 2779, 191
218821, 1240.20, 11.47, 202, 403, 731, 1019, 1267, 1109, 986, 802, 2894, 200
219168, 1231.40, 11.49, 215, 429, 769, 1064, 1300, 1146, 1029, 851, 3042, 212
219515, 1223.40, 11.51, 224, 444, 793, 1090, 1345, 1188, 1077, 900, 3257, 229
219863, 1213.00, 11.52, 227, 441, 780, 1066, 1312, 1177, 1073, 915, 3194, 224
220210, 1204.90, 11.54, 236, 458, 803, 1094, 1346, 1212, 1121, 963, 3343, 236
220557, 1192.80, 11.56, 243, 464, 804, 1095, 1343, 1225, 1151, 1003, 3310, 232
220907, 1182.70, 11.58, 260, 498, 852, 1158, 1399, 1282, 1226, 1074, 3432, 240
221257, 1170.00, 11.60, 279, 531, 899, 1220, 1500, 1386, 1354, 1198, 3568, 247
221604, 1160.30, 11.62, 303, 577, 970, 1313, 1564, 1452, 1444, 1284, 3639, 249
221950, 1148.60, 11.64, 311, 583, 969, 1306, 1546, 1451, 1454, 1320, 3475, 237
222297, 1137.70, 11.67, 322, 595, 977, 1310, 1529, 1451, 1468, 1361, 3395, 234
222651, 1123.50, 11.69, 333, 605, 982, 1309, 1579, 1512, 1560, 1471, 3627, 253
222998, 1114.50, 11.71, 360, 649, 1038, 1377, 1671, 1609, 1692, 1609, 3850, 268
223349, 1105.20, 11.76, 388, 702, 1107, 1469, 1722, 1663, 1778, 1708, 3957, 276
223698, 1096.70, 11.77, 407, 728, 1138, 1503, 1743, 1695, 1830, 1782, 3981, 279
224045, 1089.00, 11.80, 399, 699, 1086, 1422, 1700, 1667, 1805, 1793, 3740, 268
224393, 1080.00, 11.82, 440, 770, 1182, 1543, 1795, 1769, 1944, 1947, 4071, 294
224741, 1070.80, 11.86, 464, 804, 1221, 1588, 1852, 1836, 2043, 2067, 4237, 312
225087, 1061.80, 11.92, 478, 817, 1230, 1590, 1892, 1888, 2121, 2172, 4371, 331
225438, 1053.60, 11.96, 489, 822, 1225, 1571, 1863, 1868, 2121, 2208, 4179, 335
225786, 1044.30, 12.00, 516, 859, 1265, 1614, 1863, 1878, 2156, 2277, 4151, 359
226132, 1034.70, 12.04, 547, 897, 1308, 1656, 1911, 1940, 2252, 2403, 4338, 409
226480, 1025.30, 12.08, 572, 926, 1329, 1670, 1983, 2031, 2386, 2573, 4643, 504
226829, 1015.70, 12.13, 613, 980, 1381, 1730, 2011, 2074, 2459, 2686, 4796, 637
227176, 1007.80, 12.19, 708, 1122, 1554, 1945, 2154, 2245, 2680, 2952, 5620, 934
227523, 998.70, 12.24, 815, 1262, 1711, 2124, 2499, 2675, 3180, 3534, 8311, 2434
227882, 998.00, 12.32, 816, 1242, 1661, 2048, 2310, 2457, 2929, 3286, 7023, 2432
228229, 998.00, 12.40, 826, 1258, 1675, 2070, 2402, 2555, 3052, 3401, 8009, 2839
228576, 997.90, 12.50, 856, 1311, 1740, 2160, 2543, 2693, 3228, 3585, 9590, 3470
228924, 998.00, 12.56, 890, 1375, 1834, 2273, 2607, 2752, 3311, 3678, 10979, 4053
229273, 997.90, 12.60, 919, 1444, 1923, 2358, 2701, 2817, 3364, 3807, 12474, 4820
229623, 997.80, 12.63, 966, 1519, 2030, 2420, 2753, 2886, 3352, 3910, 13713, 5443
229972, 997.90, 12.66, 1015, 1556, 2108, 2503, 2834, 3058, 3505, 4071, 15417, 5910
230321, 998.00, 12.68, 1112, 1675, 2261, 2735, 3008, 3326, 3810, 4355, 16708, 6378
230669, 997.80, 12.69, 1132, 1714, 2296, 2832, 3070, 3335, 3906, 4391, 17224, 6721
231018, 998.50, 12.70, 1139, 1760, 2360, 2918, 3149, 3383, 4071, 4486, 17541, 6827
231367, 998.10, 12.71, 1061, 1658, 2217, 2766, 2897, 3084, 3796, 4111, 16743, 6606
231714, 997.80, 12.71, 1006, 1568, 2116, 2601, 2897, 3045, 3736, 4105, 16052, 6453
232063, 997.60, 12.72, 969, 1462, 2012, 2395, 2575, 2741, 3280, 3727, 12632, 5090
232410, 997.90, 12.72, 881, 1243, 1726, 2054, 2192, 2460, 2850, 3203, 8305, 3301
232757, 998.00, 12.73, 843, 1193, 1611, 2031, 2299, 2530, 3014, 3319, 8018, 3054
233104, 998.30, 12.73, 830, 1231, 1640, 2076, 2085, 2217, 2727, 2973, 7071, 2839
233452, 998.30, 12.74, 747, 1121, 1497, 1876, 1974, 2124, 2538, 2840, 7142, 2883
233801, 998.20, 12.74, 772, 1110, 1516, 1840, 2123, 2315, 2770, 3059, 8473, 3357
234152, 997.90, 12.75, 863, 1276, 1755, 2086, 2475, 2595, 3220, 3490, 13589, 5505
234501, 998.20, 12.75, 907, 1418, 1900, 2383, 2914, 3084, 3813, 4109, 16793, 6655
234851, 998.50, 12.75, 1044, 1630, 2175, 2727, 3044, 3266, 3956, 4343, 17535, 6890
235201, 998.60, 12.76, 1053, 1619, 2155, 2681, 2756, 3010, 3572, 3969, 17292, 6886
235547, 998.40, 12.75, 1037, 1573, 2101, 2605, 2854, 3130, 3669, 4114, 16921, 6626
235895, 998.40, 12.76, 1042, 1578, 2119, 2599, 2829, 3097, 3629, 4091, 16923, 6644
236245, 998.40, 12.76, 979, 1486, 1987, 2451, 2828, 3078, 3617, 4098, 17173, 6764
236595, 997.90, 12.77, 1019, 1585, 2104, 2635, 2784, 2976, 3649, 3975, 16443, 6567
236942, 998.00, 12.77, 912, 1425, 1915, 2376, 2376, 2497, 3119, 3368, 13057, 5466
237290, 997.90, 12.78, 768, 1126, 1540, 1863, 1906, 2119, 2500, 2803, 8119, 3404
237638, 998.10, 12.78, 679, 993, 1315, 1696, 1885, 1984, 2468, 2669, 5761, 2421
237987, 998.30, 12.78, 670, 1061, 1371, 1746, 2189, 2236, 2796, 3070, 10103, 4239
238337, 998.20, 12.78, 864, 1352, 1805, 2173, 2479, 2588, 3114, 3546, 13929, 5691
238683, 998.30, 12.79, 930, 1429, 1906, 2309, 2654, 2853, 3348, 3828, 15832, 6342
239030, 998.40, 12.79, 936, 1422, 1905, 2312, 2565, 2814, 3233, 3755, 16371, 6579
239377, 998.60, 12.80, 977, 1537, 2047, 2494, 2515, 2726, 3186, 3658, 15969, 6463
239725, 998.60, 12.80, 995, 1579, 2096, 2551, 2744, 2910, 3462, 3918, 16194, 6401
240074, 998.10, 12.79, 940, 1478, 1947, 2400, 2544, 2739, 3161, 3684, 13533, 5459
240421, 998.10, 12.80, 771, 1144, 1519, 1851, 1840, 1967, 2372, 2641, 5830, 2638
240772, 998.20, 12.81, 677, 1008, 1394, 1641, 1986, 2134, 2690, 2809, 9229, 3709
241119, 998.40, 12.81, 880, 1369, 1850, 2258, 2930, 3154, 3792, 4201, 16752, 6380
241467, 998.10, 12.81, 1132, 1724, 2305, 2805, 3016, 3283, 3774, 4400, 16506, 6551
241817, 998.20, 12.81, 1054, 1592, 2136, 2601, 2942, 3123, 3699, 4196, 14531, 5822
242164, 998.30, 12.81, 1029, 1540, 2080, 2507, 2616, 2821, 3291, 3790, 13298, 5329
242512, 998.10, 12.81, 1020, 1509, 2034, 2455, 2881, 3164, 3616, 4189, 16050, 6302
242864, 997.90, 12.83, 1147, 1736, 2347, 2857, 2754, 2925, 3671, 3849, 16847, 6808
243213, 997.80, 12.83, 851, 1223, 1705, 2041, 2227, 2443, 2881, 3219, 10287, 4289
243560, 997.90, 12.83, 900, 1341, 1780, 2302, 2533, 2630, 3311, 3511, 10553, 4439
243907, 997.80, 12.83, 1021, 1549, 2093, 2537, 2942, 3081, 3715, 4145, 15394, 6381
244255, 998.10, 12.83, 1137, 1701, 2293, 2760, 3060, 3377, 3858, 4462, 16431, 6351
244603, 997.90, 12.84, 1139, 1715, 2307, 2813, 3017, 3306, 3815, 4354, 15278, 5818
244955, 998.60, 12.86, 1083, 1639, 2187, 2668, 2666, 2940, 3386, 3919, 14978, 5825
245302, 998.60, 12.87, 896, 1423, 1875, 2344, 1707, 1875, 2269, 2507, 12423, 5126
245649, 998.50, 12.88, 763, 1176, 1571, 1977, 2245, 2441, 3038, 3255, 14081, 5552
245997, 998.20, 12.89, 740, 1144, 1537, 1933, 2112, 2274, 2827, 3102, 12235, 4980
246346, 998.10, 12.90, 370, 493, 686, 848, 594, 668, 916, 1044, 4147, 2059
246694, 998.30, 12.92, 288, 357, 509, 622, 1006, 1120, 1493, 1632, 7562, 3510
247046, 998.20, 12.93, 503, 730, 1000, 1234, 2418, 2617, 3193, 3482, 15053, 5953
247395, 998.40, 12.93, 979, 1502, 1998, 2522, 2562, 2799, 3361, 3722, 15406, 6003
247742, 998.20, 12.96, 882, 1373, 1812, 2289, 1970, 2098, 2520, 2821, 12675, 5104
248090, 998.20, 12.95, 493, 776, 1009, 1249, 1379, 1462, 1658, 1967, 6980, 3131
248440, 998.80, 12.98, 354, 516, 661, 809, 782, 834, 954, 1096, 4138, 1884
248787, 998.20, 13.03, 406, 596, 770, 935, 971, 1022, 1190, 1330, 5523, 2515
249135, 998.10, 13.08, 410, 603, 781, 941, 950, 987, 1156, 1280, 5079, 2387
249482, 998.10, 13.12, 446, 658, 856, 1029, 1194, 1255, 1471, 1635, 6004, 2755
249829, 997.90, 13.15, 505, 727, 974, 1145, 1194, 1241, 1431, 1618, 5663, 2644
250177, 997.80, 13.17, 509, 733, 984, 1142, 1214, 1242, 1448, 1634, 5797, 2724
250525, 997.80, 13.19, 511, 742, 992, 1153, 1224, 1242, 1453, 1642, 5771, 2718
250873, 997.70, 13.20, 510, 747, 995, 1156, 1200, 1217, 1423, 1606, 5689, 2694
251223, 998.00, 13.20, 478, 689, 921, 1070, 1035, 1087, 1253, 1390, 5041, 2399
251574, 998.10, 13.21, 444, 652, 851, 1017, 1096, 1151, 1343, 1485, 5336, 2487
251921, 998.20, 13.21, 469, 690, 904, 1079, 1096, 1152, 1340, 1486, 5283, 2461
252282, 998.30, 13.21, 473, 695, 911, 1087, 1109, 1166, 1354, 1502, 5385, 2505
252631, 998.20, 13.21, 521, 759, 1005, 1238, 1184, 1292, 1488, 1668, 6272, 2806
