Secchi Depth (cm) = 0520
Forel Ule Scale = 12
pH Colour Scale = 99
SensingSecchi S/N = A005
Latitude (degs N) = 56.52945
Longitude (degs E) = -5.397367
Date = 2405161043
Millisecond since start, Pressure (mbar) MS5803, Temp (deg C) MS5803, 415nm, 445nm, 480nm, 515nm, 555nm, 590nm, 630nm, 680nm, Clear, NIR
351847, 998.50, 12.95, 1068, 1619, 2168, 2620, 2824, 3101, 3525, 4038, 16020, 6164
352195, 998.40, 12.96, 1071, 1622, 2172, 2623, 2825, 3103, 3526, 4041, 16032, 6168
352544, 998.30, 12.96, 1071, 1623, 2173, 2625, 2829, 3107, 3532, 4046, 16037, 6174
352891, 998.30, 12.97, 1072, 1624, 2174, 2628, 2829, 3108, 3531, 4046, 16032, 6175
353239, 998.30, 12.97, 1073, 1625, 2177, 2632, 2832, 3111, 3537, 4049, 16038, 6181
353587, 998.40, 12.97, 1075, 1626, 2177, 2633, 2832, 3112, 3537, 4051, 16028, 6180
353936, 998.30, 12.98, 1074, 1625, 2176, 2632, 2830, 3109, 3534, 4047, 16005, 6169
354286, 998.50, 12.98, 1073, 1622, 2174, 2630, 2826, 3105, 3528, 4042, 15983, 6159
354634, 998.40, 12.99, 1070, 1620, 2170, 2624, 2822, 3099, 3523, 4035, 15969, 6150
354981, 998.50, 12.99, 1070, 1620, 2170, 2623, 2823, 3100, 3524, 4038, 15981, 6157
355329, 998.30, 13.00, 1070, 1620, 2170, 2624, 2822, 3099, 3524, 4035, 15986, 6159
355677, 998.40, 13.00, 1070, 1620, 2171, 2625, 2824, 3102, 3526, 4039, 16001, 6163
356024, 998.50, 13.00, 1071, 1621, 2170, 2627, 2826, 3105, 3529, 4042, 16008, 6169
356376, 998.30, 13.01, 1072, 1623, 2172, 2629, 2828, 3106, 3530, 4043, 16022, 6172
356725, 998.50, 13.01, 1072, 1623, 2173, 2629, 2827, 3106, 3531, 4044, 16018, 6168
357072, 998.20, 13.02, 1072, 1623, 2172, 2628, 2826, 3105, 3529, 4041, 16002, 6163
357427, 998.40, 13.02, 1071, 1621, 2171, 2626, 2823, 3102, 3525, 4038, 15978, 6158
357775, 998.60, 13.03, 1071, 1620, 2171, 2625, 2822, 3102, 3524, 4036, 15969, 6156
358122, 998.20, 13.03, 1071, 1620, 2170, 2626, 2825, 3104, 3527, 4040, 15981, 6160
358472, 998.30, 13.03, 1072, 1622, 2173, 2628, 2826, 3107, 3531, 4044, 16006, 6168
358820, 998.20, 13.04, 1073, 1623, 2175, 2630, 2828, 3108, 3531, 4046, 16014, 6173
359167, 998.30, 13.04, 1073, 1624, 2174, 2630, 2829, 3108, 3532, 4044, 16018, 6174
359514, 998.40, 13.04, 1073, 1623, 2174, 2630, 2827, 3107, 3530, 4044, 15998, 6166
359861, 998.20, 13.05, 1072, 1622, 2173, 2627, 2823, 3104, 3524, 4040, 15937, 6140
360210, 998.50, 13.05, 1069, 1619, 2166, 2621, 2807, 3099, 3502, 4032, 15745, 6022
360561, 998.40, 13.06, 1061, 1607, 2142, 2604, 2757, 3075, 3449, 3990, 15196, 5752
360910, 998.50, 13.06, 1027, 1565, 2078, 2550, 2677, 2967, 3375, 3851, 14330, 5414
361259, 998.40, 13.07, 980, 1501, 1988, 2445, 2598, 2843, 3285, 3716, 13453, 5194
361606, 998.40, 13.07, 949, 1463, 1934, 2371, 2533, 2760, 3205, 3631, 12867, 5033
361953, 998.30, 13.08, 920, 1414, 1870, 2300, 2432, 2657, 3094, 3484, 12187, 4794
362299, 998.30, 13.08, 878, 1345, 1776, 2195, 2333, 2541, 2973, 3345, 11480, 4588
362649, 998.30, 13.09, 846, 1294, 1708, 2110, 2239, 2434, 2867, 3209, 10769, 4354
362997, 998.50, 13.09, 813, 1237, 1641, 2037, 2153, 2325, 2768, 3049, 10019, 4010
363346, 998.50, 13.11, 282, 402, 545, 710, 1592, 1736, 2057, 2329, 7038, 2890
363693, 998.40, 13.11, 807, 1183, 1601, 1895, 1679, 1865, 2167, 2447, 8035, 3213
364041, 998.30, 13.10, 748, 1090, 1447, 1830, 3079, 3286, 3889, 4395, 14871, 5652
364390, 997.90, 13.10, 1174, 1781, 2419, 2873, 2514, 2676, 3194, 3589, 13467, 5517
364741, 997.90, 13.11, 1315, 2011, 2696, 3305, 3457, 3694, 4431, 4878, 19410, 7714
365089, 997.90, 13.11, 1155, 1788, 2393, 2941, 2747, 2919, 3573, 3909, 14693, 5921
365436, 997.90, 13.12, 1106, 1710, 2322, 2793, 2932, 3046, 3763, 4187, 13766, 5748
365786, 997.80, 13.12, 986, 1565, 2071, 2562, 2794, 2931, 3517, 3891, 10824, 4062
366134, 998.00, 13.13, 1212, 1903, 2538, 3137, 3273, 3512, 4239, 4641, 17683, 6941
366481, 998.30, 13.14, 1266, 1993, 2650, 3274, 2786, 3026, 3588, 3945, 17561, 7082
366831, 998.00, 13.14, 1204, 1882, 2483, 3090, 3179, 3453, 4041, 4538, 18037, 7142
367178, 998.20, 13.14, 1233, 1942, 2581, 3171, 3392, 3594, 4333, 4771, 16234, 6311
367524, 998.20, 13.14, 1174, 1836, 2447, 2998, 3199, 3417, 4062, 4520, 16353, 6305
367871, 998.20, 13.15, 1079, 1702, 2238, 2758, 2990, 3151, 3780, 4155, 16152, 6469
368219, 998.10, 13.15, 1078, 1632, 2214, 2659, 2991, 3165, 3789, 4209, 16824, 6846
368568, 998.20, 13.16, 1097, 1703, 2269, 2782, 2957, 3189, 3772, 4208, 17387, 7054
368919, 998.10, 13.16, 1035, 1577, 2122, 2590, 2753, 2968, 3537, 3906, 17122, 6951
369268, 998.10, 13.17, 988, 1499, 2016, 2478, 2568, 2790, 3363, 3660, 15390, 6302
369616, 997.80, 13.17, 880, 1338, 1811, 2218, 2321, 2482, 3038, 3323, 12833, 5271
369962, 997.90, 13.17, 809, 1232, 1674, 2057, 2180, 2319, 2867, 3104, 10591, 4482
370311, 997.50, 13.18, 830, 1204, 1661, 2022, 2210, 2370, 2879, 3120, 9650, 3860
370660, 997.80, 13.18, 803, 1159, 1584, 1942, 2213, 2407, 2919, 3160, 8203, 3269
371007, 997.70, 13.18, 851, 1265, 1693, 2118, 2418, 2581, 3156, 3404, 8504, 3198
371358, 997.80, 13.18, 893, 1343, 1800, 2221, 2346, 2436, 2997, 3269, 8168, 3256
371706, 998.20, 13.18, 879, 1336, 1776, 2188, 2591, 2708, 3280, 3618, 9624, 3854
372053, 998.30, 13.19, 920, 1417, 1889, 2297, 2620, 2714, 3253, 3630, 10091, 3952
372401, 998.20, 13.19, 977, 1517, 2024, 2436, 2697, 2804, 3314, 3757, 11290, 4389
372749, 998.40, 13.20, 1007, 1556, 2087, 2492, 2766, 2888, 3359, 3868, 12310, 4820
373096, 998.20, 13.20, 1026, 1576, 2114, 2519, 2801, 2957, 3406, 3926, 13241, 5138
373455, 998.20, 13.20, 1052, 1606, 2146, 2588, 2713, 2890, 3310, 3832, 13690, 5292
373802, 1004.70, 13.23, 806, 1232, 1653, 1960, 2028, 2137, 2499, 2877, 10963, 3270
374150, 1018.20, 13.22, 730, 1130, 1545, 1881, 2500, 2645, 2994, 3423, 11667, 1985
374499, 1035.20, 13.22, 800, 1286, 1819, 2253, 2789, 2914, 3281, 3572, 11088, 1211
374848, 1049.30, 13.22, 710, 1202, 1791, 2209, 1993, 2068, 2338, 2425, 8169, 748
375198, 1061.20, 13.21, 536, 909, 1406, 1739, 2534, 2522, 2829, 2946, 9795, 841
375547, 1074.80, 13.20, 616, 1046, 1592, 2012, 2043, 2074, 2189, 2296, 7568, 587
375894, 1089.10, 13.19, 359, 604, 914, 1220, 1098, 1110, 1200, 1175, 4719, 376
376242, 1107.00, 13.18, 224, 373, 583, 783, 1094, 1080, 1170, 1109, 4492, 362
376591, 1124.00, 13.16, 454, 810, 1299, 1681, 2373, 2283, 2355, 2256, 7349, 524
376938, 1139.30, 13.15, 417, 784, 1313, 1740, 1911, 1829, 1847, 1691, 5940, 408
377287, 1153.30, 13.14, 439, 833, 1387, 1851, 1999, 1887, 1858, 1721, 5658, 398
377638, 1167.50, 13.11, 302, 547, 922, 1232, 1117, 1065, 1008, 930, 3218, 233
377987, 1183.00, 13.09, 142, 241, 411, 575, 814, 771, 734, 655, 2122, 163
378334, 1199.20, 13.06, 314, 617, 1067, 1467, 1954, 1763, 1688, 1427, 5344, 372
378681, 1210.80, 13.03, 328, 662, 1168, 1623, 1949, 1751, 1638, 1365, 5169, 355
379027, 1217.60, 13.00, 319, 641, 1136, 1588, 1641, 1460, 1382, 1137, 3088, 210
379377, 1226.20, 12.97, 244, 470, 847, 1182, 1515, 1344, 1266, 1029, 2586, 174
379724, 1239.70, 12.95, 240, 470, 853, 1207, 1408, 1245, 1155, 922, 2253, 151
380073, 1240.10, 12.92, 237, 471, 861, 1228, 1443, 1279, 1174, 930, 2400, 157
380420, 1240.20, 12.90, 185, 353, 652, 929, 1053, 932, 870, 692, 1305, 88
380768, 1245.90, 12.87, 229, 453, 831, 1191, 1563, 1407, 1249, 995, 3154, 201
381117, 1259.20, 12.85, 254, 516, 943, 1368, 1563, 1395, 1211, 958, 3192, 203
381464, 1276.20, 12.83, 203, 402, 758, 1099, 1224, 1076, 932, 716, 1855, 120
381812, 1293.20, 12.82, 125, 233, 456, 668, 731, 633, 552, 417, 765, 53
382164, 1311.40, 12.79, 145, 284, 559, 824, 1296, 1108, 919, 676, 2198, 142
382511, 1328.80, 12.78, 176, 375, 742, 1107, 1144, 942, 733, 530, 3163, 220
382858, 1343.80, 12.76, 87, 180, 387, 556, 926, 769, 579, 401, 2896, 210
383206, 1360.00, 12.75, 122, 242, 508, 775, 669, 540, 433, 285, 788, 53
383553, 1379.20, 12.74, 58, 112, 248, 398, 434, 358, 288, 183, 566, 41
383901, 1394.90, 12.72, 92, 185, 396, 627, 963, 794, 581, 382, 1789, 114
384249, 1409.40, 12.71, 124, 265, 570, 886, 1056, 843, 588, 385, 2655, 183
384598, 1426.10, 12.70, 105, 228, 503, 791, 1107, 864, 586, 388, 2197, 149
384945, 1443.00, 12.69, 97, 204, 456, 721, 677, 556, 388, 244, 1282, 90
385292, 1458.20, 12.68, 51, 96, 223, 365, 493, 407, 274, 171, 1087, 79
385638, 1472.20, 12.67, 78, 163, 377, 606, 1022, 774, 531, 319, 2094, 143
385985, 1486.30, 12.65, 89, 195, 459, 754, 776, 577, 352, 213, 969, 62
386332, 1503.90, 12.65, 76, 162, 391, 648, 980, 721, 472, 276, 1947, 132
386681, 1521.50, 12.64, 44, 87, 214, 349, 342, 267, 171, 96, 1054, 82
387031, 1537.10, 12.63, 37, 69, 173, 295, 617, 479, 296, 169, 1620, 116
387378, 1552.10, 12.62, 76, 171, 416, 704, 923, 674, 405, 227, 1558, 101
387726, 1565.60, 12.61, 71, 158, 392, 670, 810, 581, 340, 188, 1270, 82
388075, 1581.10, 12.60, 50, 113, 284, 495, 580, 399, 234, 123, 1195, 83
388423, 1599.10, 12.59, 39, 85, 215, 374, 495, 372, 211, 117, 1364, 100
388771, 1614.10, 12.57, 51, 108, 282, 483, 701, 509, 273, 151, 1481, 101
389119, 1629.90, 12.56, 57, 123, 325, 568, 694, 485, 255, 135, 924, 58
389469, 1643.30, 12.55, 50, 108, 287, 508, 596, 421, 224, 116, 1129, 75
389823, 1661.90, 12.53, 28, 60, 161, 296, 410, 295, 161, 80, 1015, 73
390171, 1679.30, 12.51, 33, 69, 193, 343, 533, 353, 178, 91, 1133, 81
390519, 1695.00, 12.49, 39, 84, 234, 422, 588, 396, 193, 98, 1027, 68
390865, 1708.70, 12.45, 41, 88, 248, 451, 597, 402, 195, 100, 872, 56
391212, 1722.40, 12.43, 26, 53, 149, 274, 303, 214, 102, 50, 563, 39
391559, 1740.50, 12.41, 16, 29, 86, 170, 307, 218, 106, 51, 538, 39
391908, 1759.40, 12.40, 34, 75, 216, 397, 500, 316, 144, 69, 924, 62
392255, 1774.90, 12.38, 24, 50, 154, 285, 442, 291, 128, 61, 822, 56
392602, 1789.60, 12.37, 29, 63, 186, 346, 409, 266, 123, 59, 461, 30
392949, 1803.70, 12.35, 21, 39, 119, 230, 297, 202, 88, 42, 308, 20
393298, 1818.50, 12.34, 20, 37, 118, 232, 390, 253, 103, 49, 513, 33
393646, 1836.40, 12.33, 27, 56, 171, 331, 471, 301, 128, 60, 682, 43
393995, 1843.40, 12.31, 26, 54, 167, 321, 424, 268, 114, 52, 607, 38
394342, 1847.20, 12.30, 23, 49, 152, 295, 412, 263, 111, 51, 542, 34
394701, 1845.00, 12.29, 24, 48, 150, 289, 415, 268, 114, 53, 535, 34
395051, 1840.90, 12.28, 26, 52, 162, 312, 440, 284, 119, 56, 610, 39
395398, 1831.30, 12.27, 27, 54, 168, 320, 459, 295, 124, 59, 635, 41
395745, 1823.80, 12.26, 28, 58, 179, 339, 464, 299, 127, 61, 648, 42
396093, 1815.70, 12.25, 28, 58, 178, 336, 461, 299, 130, 62, 622, 41
396440, 1805.40, 12.25, 29, 59, 181, 341, 475, 308, 135, 65, 636, 42
396787, 1796.80, 12.25, 30, 60, 184, 344, 485, 317, 140, 67, 657, 43
397138, 1787.90, 12.24, 29, 60, 181, 339, 482, 318, 142, 69, 632, 41
397488, 1780.00, 12.23, 31, 62, 187, 348, 478, 317, 144, 70, 598, 39
397836, 1769.30, 12.23, 32, 65, 192, 357, 478, 321, 147, 72, 580, 38
398184, 1761.10, 12.23, 31, 63, 186, 346, 511, 344, 159, 78, 643, 41
398530, 1754.40, 12.23, 33, 67, 196, 364, 513, 346, 163, 80, 628, 40
398878, 1744.90, 12.23, 36, 75, 215, 400, 542, 365, 174, 86, 690, 44
399227, 1733.70, 12.23, 37, 78, 223, 410, 565, 379, 184, 91, 745, 48
399577, 1723.90, 12.23, 38, 80, 226, 413, 578, 389, 192, 95, 776, 51
399924, 1715.80, 12.23, 39, 84, 233, 423, 586, 394, 197, 99, 787, 52
400271, 1704.70, 12.23, 41, 88, 245, 440, 609, 410, 208, 105, 857, 57
400617, 1694.90, 12.22, 43, 94, 258, 460, 636, 428, 219, 112, 945, 63
400964, 1683.50, 12.22, 45, 98, 266, 471, 652, 441, 227, 118, 1007, 68
401312, 1675.80, 12.22, 46, 101, 273, 480, 660, 450, 233, 122, 1024, 68
401659, 1666.00, 12.22, 48, 106, 285, 500, 684, 467, 245, 129, 1147, 77
402009, 1654.10, 12.22, 50, 110, 294, 512, 701, 481, 255, 135, 1204, 81
402356, 1641.20, 12.22, 53, 116, 307, 532, 726, 501, 269, 144, 1275, 86
402704, 1629.90, 12.21, 55, 122, 319, 550, 749, 522, 283, 153, 1326, 89
403053, 1616.30, 12.21, 57, 126, 327, 560, 760, 534, 293, 160, 1403, 95
403401, 1603.50, 12.21, 61, 134, 345, 585, 781, 555, 307, 171, 1469, 99
403750, 1590.90, 12.21, 64, 142, 360, 606, 805, 579, 323, 183, 1528, 103
404097, 1577.90, 12.21, 64, 141, 354, 593, 797, 574, 328, 186, 1621, 111
404447, 1564.80, 12.21, 65, 142, 353, 589, 798, 581, 336, 194, 1684, 117
404795, 1550.80, 12.21, 70, 153, 375, 623, 825, 609, 356, 209, 1758, 121
405145, 1536.40, 12.21, 76, 166, 403, 663, 867, 648, 383, 229, 1844, 126
405495, 1522.60, 12.21, 82, 178, 426, 696, 900, 679, 409, 247, 1920, 131
405841, 1507.30, 12.21, 80, 174, 411, 668, 892, 674, 416, 254, 1994, 139
406188, 1491.60, 12.22, 81, 176, 413, 665, 896, 681, 432, 266, 2041, 143
406535, 1475.70, 12.23, 91, 198, 455, 725, 959, 740, 476, 301, 2095, 145
406884, 1461.20, 12.24, 100, 218, 495, 781, 1006, 775, 512, 325, 2191, 152
407231, 1445.00, 12.25, 106, 232, 520, 813, 1035, 803, 542, 350, 2265, 158
407579, 1431.30, 12.27, 109, 238, 527, 817, 1054, 821, 567, 370, 2350, 164
407928, 1416.00, 12.28, 113, 244, 532, 820, 1051, 833, 587, 392, 2339, 164
408275, 1398.90, 12.29, 121, 257, 549, 837, 1087, 874, 626, 429, 2338, 163
408623, 1382.50, 12.31, 131, 281, 595, 902, 1163, 931, 689, 473, 2504, 176
408971, 1365.20, 12.32, 140, 305, 635, 957, 1219, 977, 747, 516, 2680, 188
409321, 1347.00, 12.34, 151, 322, 658, 979, 1250, 1025, 792, 570, 2671, 187
409669, 1331.00, 12.35, 166, 351, 708, 1036, 1307, 1083, 850, 626, 2800, 195
410017, 1314.60, 12.36, 174, 360, 714, 1033, 1326, 1115, 893, 674, 2919, 205
410366, 1296.50, 12.36, 186, 385, 757, 1088, 1364, 1154, 946, 723, 3188, 226
410714, 1282.10, 12.37, 200, 410, 792, 1125, 1385, 1183, 989, 770, 3395, 242
411062, 1266.50, 12.38, 204, 414, 787, 1115, 1370, 1187, 1011, 806, 3449, 248
411408, 1250.80, 12.39, 216, 432, 807, 1134, 1444, 1266, 1096, 893, 3654, 262
411767, 1235.40, 12.40, 245, 485, 895, 1237, 1561, 1379, 1217, 1009, 3960, 282
412116, 1218.40, 12.41, 269, 531, 968, 1324, 1600, 1431, 1282, 1092, 4109, 293
412466, 1200.10, 12.42, 282, 547, 976, 1320, 1630, 1478, 1351, 1185, 4306, 309
412813, 1183.70, 12.43, 293, 564, 991, 1333, 1665, 1520, 1427, 1271, 4595, 333
413159, 1167.30, 12.43, 313, 597, 1033, 1375, 1695, 1561, 1493, 1360, 4788, 348
413506, 1150.60, 12.44, 339, 628, 1067, 1397, 1613, 1531, 1469, 1396, 4745, 350
413856, 1132.20, 12.45, 344, 621, 1032, 1350, 1697, 1608, 1610, 1541, 4978, 373
414204, 1116.50, 12.48, 340, 620, 1002, 1332, 1824, 1728, 1791, 1726, 5105, 382
414553, 1100.40, 12.49, 414, 754, 1211, 1568, 1844, 1766, 1871, 1836, 4950, 372
414903, 1083.90, 12.50, 422, 746, 1172, 1498, 1772, 1720, 1856, 1880, 4464, 344
415250, 1065.90, 12.51, 454, 788, 1207, 1541, 1813, 1794, 1967, 2047, 4249, 331
415599, 1049.10, 12.54, 499, 851, 1280, 1616, 1938, 1931, 2187, 2305, 4372, 358
415950, 1030.70, 12.58, 523, 867, 1268, 1585, 1789, 1807, 2091, 2278, 3825, 397
416299, 1011.60, 12.61, 565, 911, 1279, 1586, 1878, 1915, 2290, 2537, 4530, 757
416648, 998.70, 12.64, 691, 1052, 1448, 1747, 2034, 2095, 2514, 2812, 4685, 1449
416995, 997.90, 12.68, 705, 1056, 1431, 1714, 1935, 2001, 2424, 2696, 4124, 1401
417342, 997.50, 12.71, 836, 1262, 1702, 2065, 2325, 2425, 2944, 3254, 6391, 2225
417688, 997.90, 12.73, 876, 1315, 1777, 2146, 2341, 2461, 2961, 3301, 6888, 2417
418035, 997.80, 12.76, 875, 1314, 1754, 2159, 2510, 2632, 3204, 3531, 8727, 3199
418385, 997.80, 12.77, 998, 1500, 2024, 2422, 2742, 2901, 3420, 3931, 11501, 4429
418732, 997.80, 12.79, 1018, 1511, 2036, 2458, 2720, 2935, 3450, 3868, 12482, 4852
419079, 998.00, 12.80, 1053, 1617, 2150, 2633, 2915, 3116, 3686, 4104, 15965, 6252
419428, 997.80, 12.82, 1062, 1645, 2184, 2713, 2738, 2940, 3551, 3912, 16377, 6709
419775, 997.70, 12.83, 1043, 1543, 2114, 2554, 2244, 2450, 2975, 3333, 11281, 4560
420122, 998.10, 12.84, 676, 971, 1298, 1589, 1396, 1551, 1853, 2124, 5111, 2159
420473, 998.10, 12.84, 551, 688, 947, 1194, 700, 876, 983, 1119, 4281, 1822
420822, 997.90, 12.85, 187, 243, 311, 410, 241, 286, 392, 375, 1618, 732
421170, 998.20, 12.86, 199, 267, 346, 457, 592, 660, 879, 1013, 2229, 1135
421518, 998.60, 12.88, 276, 406, 523, 697, 628, 706, 954, 1023, 2446, 1156
421866, 998.50, 12.88, 310, 495, 659, 835, 1074, 1116, 1512, 1589, 4119, 1671
422215, 998.40, 12.89, 343, 526, 711, 898, 1081, 1137, 1507, 1598, 3457, 1673
422564, 998.60, 12.89, 430, 687, 922, 1152, 1127, 1157, 1574, 1655, 3831, 1775
422913, 998.50, 12.89, 422, 697, 919, 1169, 1177, 1205, 1631, 1720, 4156, 1880
423261, 998.40, 12.89, 332, 514, 684, 874, 1024, 1058, 1448, 1514, 3779, 1808
423609, 998.40, 12.90, 373, 572, 758, 962, 1031, 1086, 1472, 1531, 3910, 1841
423957, 998.70, 12.90, 402, 615, 825, 1027, 1128, 1180, 1587, 1666, 4253, 1959
424304, 998.50, 12.91, 383, 586, 786, 982, 1159, 1196, 1618, 1702, 4321, 1993
424652, 998.50, 12.91, 385, 588, 790, 979, 1134, 1164, 1586, 1673, 4212, 1985
425002, 998.50, 12.91, 400, 626, 837, 1039, 1117, 1149, 1567, 1650, 4175, 1967
425351, 998.50, 12.92, 400, 627, 837, 1040, 1109, 1141, 1555, 1645, 4121, 1981
425698, 998.70, 12.92, 402, 637, 847, 1057, 1112, 1146, 1559, 1650, 4131, 1968
426045, 998.40, 12.93, 397, 623, 829, 1033, 1112, 1148, 1559, 1651, 4148, 1975
426393, 998.60, 12.93, 391, 609, 811, 1012, 1103, 1141, 1546, 1643, 4138, 1984
426741, 998.40, 12.93, 388, 603, 802, 1001, 1101, 1140, 1544, 1642, 4126, 1984
427091, 998.40, 12.93, 393, 611, 815, 1013, 1110, 1147, 1554, 1653, 4150, 1989
427440, 998.60, 12.94, 388, 603, 803, 1001, 1113, 1150, 1559, 1658, 4176, 1992
427788, 998.60, 12.94, 386, 597, 796, 991, 1109, 1146, 1553, 1654, 4152, 1992
428136, 998.60, 12.94, 386, 598, 796, 990, 1080, 1115, 1515, 1620, 4051, 1984
428484, 998.50, 12.95, 377, 581, 773, 961, 1005, 1046, 1415, 1529, 3823, 1893
428831, 998.30, 12.95, 345, 523, 695, 867, 863, 926, 1235, 1356, 3333, 1736
429178, 998.40, 12.96, 297, 424, 558, 725, 641, 731, 960, 1076, 2812, 1639
429529, 998.50, 12.95, 164, 222, 271, 403, 366, 430, 605, 591, 2539, 1418
429878, 998.60, 12.97, 182, 274, 349, 509, 1065, 1146, 1434, 1543, 4184, 1568
430227, 998.70, 12.98, 233, 333, 447, 587, 504, 553, 739, 750, 1575, 813
430576, 998.50, 12.97, 628, 1037, 1362, 1702, 1660, 1824, 2112, 2418, 10242, 3794
430923, 998.50, 12.99, 19, 24, 31, 36, 103, 102, 122, 183, 581, 395
431270, 998.50, 12.99, 0, 1, 2, 1, 4, 5, 7, 7, 33, 19
431618, 998.30, 12.98, 2, 3, 4, 4, 439, 471, 558, 650, 1398, 635
431987, 998.60, 12.98, 654, 991, 1309, 1636, 2059, 2260, 2625, 3046, 9353, 3804
432335, 998.30, 12.97, 837, 1270, 1668, 2069, 2304, 2413, 2950, 3262, 13763, 5874
432684, 998.20, 12.98, 621, 891, 1179, 1446, 1961, 2127, 2480, 2933, 9662, 4219
433033, 998.60, 12.98, 656, 1014, 1311, 1665, 2157, 2339, 2771, 3139, 13811, 5269
433382, 998.50, 12.98, 800, 1238, 1594, 2025, 2201, 2427, 2846, 3223, 14459, 5542
433729, 998.50, 13.00, 787, 1231, 1583, 2025, 1986, 2178, 2612, 2919, 13935, 5354
434078, 998.70, 13.00, 653, 1034, 1316, 1708, 1962, 2160, 2576, 2884, 13800, 5316
434425, 998.50, 13.00, 760, 1188, 1526, 1953, 2007, 2208, 2627, 2950, 13930, 5361
434773, 998.60, 13.00, 730, 1145, 1468, 1885, 1990, 2187, 2605, 2928, 13873, 5349
435122, 998.40, 13.01, 739, 1157, 1483, 1899, 1994, 2188, 2609, 2940, 13900, 5359
435471, 998.70, 13.01, 738, 1154, 1479, 1895, 1992, 2187, 2607, 2938, 13890, 5352
435819, 998.60, 13.01, 738, 1154, 1479, 1896, 2024, 2220, 2643, 2980, 13960, 5370
436171, 998.60, 13.02, 735, 1150, 1475, 1893, 1975, 2175, 2588, 2904, 13819, 5317
436519, 998.50, 13.02, 731, 1145, 1468, 1885, 1990, 2187, 2605, 2928, 13869, 5330
436867, 998.50, 13.02, 749, 1173, 1505, 1932, 2028, 2231, 2653, 2976, 13973, 5358
437215, 998.40, 13.03, 727, 1144, 1465, 1887, 1960, 2159, 2572, 2877, 13753, 5285
437562, 998.60, 13.03, 716, 1130, 1445, 1866, 1952, 2149, 2561, 2864, 13713, 5270
437909, 998.50, 13.04, 708, 1120, 1432, 1852, 1912, 2101, 2515, 2806, 13591, 5233
438257, 998.30, 13.04, 683, 1084, 1383, 1791, 1898, 2086, 2496, 2791, 13550, 5221
