Secchi Depth (cm) = 0616
Forel Ule Scale = 11
pH Colour Scale = 99
SensingSecchi S/N = A004
Latitude (degs N) = 56.5262
Longitude (degs E) = -5.34763
Date = 2405161214
Millisecond since start, Pressure (mbar) MS5803, Temp (deg C) MS5803, 415nm, 445nm, 480nm, 515nm, 555nm, 590nm, 630nm, 680nm, Clear, NIR
95324, 997.90, 14.25, 713, 1084, 1430, 1791, 1918, 2096, 2479, 2794, 9145, 4018
95675, 997.50, 14.24, 998, 1473, 1950, 2410, 2723, 3021, 3447, 3991, 15517, 6493
96025, 998.00, 14.27, 959, 1390, 1805, 2366, 2207, 2571, 2859, 3345, 12077, 4860
96374, 997.70, 14.27, 960, 1304, 1801, 2175, 2155, 2482, 2870, 3219, 11518, 4536
96727, 997.90, 14.28, 1020, 1431, 1892, 2392, 2534, 2777, 3365, 3699, 12677, 5377
97078, 998.30, 14.30, 923, 1274, 1741, 2122, 2378, 2689, 3139, 3519, 10482, 4314
97427, 998.30, 14.31, 1127, 1629, 2289, 2646, 2924, 3213, 3757, 4276, 15091, 5962
97778, 997.80, 14.31, 979, 1466, 1975, 2485, 3114, 3426, 4033, 4550, 16003, 6365
98127, 997.60, 14.31, 886, 1271, 1752, 2112, 1878, 2051, 2606, 2755, 9092, 3841
98478, 997.40, 14.31, 717, 891, 1230, 1546, 1824, 2145, 2436, 2758, 7027, 2684
98829, 997.40, 14.32, 644, 834, 1125, 1425, 1304, 1525, 1797, 1943, 6072, 2620
99181, 997.70, 14.33, 665, 851, 1170, 1418, 1300, 1526, 1747, 1940, 5359, 2288
99533, 998.00, 14.34, 651, 869, 1153, 1463, 1990, 2266, 2635, 2947, 7309, 3013
99884, 997.40, 14.34, 713, 943, 1271, 1604, 2325, 2391, 3019, 3233, 11054, 5117
100233, 998.40, 14.40, 861, 1358, 1741, 2276, 1848, 1967, 2569, 2748, 6642, 2615
100583, 998.40, 14.40, 384, 460, 657, 752, 902, 978, 1156, 1491, 3935, 1857
100934, 998.70, 14.41, 407, 535, 731, 908, 648, 747, 880, 1089, 2663, 1219
101283, 998.40, 14.42, 140, 185, 248, 277, 359, 392, 511, 666, 1588, 797
101635, 998.60, 14.43, 203, 247, 367, 386, 604, 646, 813, 964, 2299, 1173
101986, 999.00, 14.44, 312, 513, 680, 786, 793, 837, 1032, 1257, 3643, 1456
102335, 998.60, 14.44, 275, 421, 534, 660, 643, 748, 858, 1068, 3791, 1655
102686, 998.20, 14.45, 286, 361, 510, 589, 832, 947, 1107, 1309, 5446, 2552
103037, 998.60, 14.45, 355, 407, 594, 691, 757, 838, 997, 1169, 4467, 2135
103387, 998.60, 14.46, 496, 582, 857, 1034, 803, 948, 1102, 1254, 5696, 2669
103740, 998.30, 14.46, 854, 1242, 1693, 2073, 1316, 1502, 1766, 2013, 9679, 4435
104090, 998.20, 14.45, 492, 682, 935, 1149, 2145, 2297, 2819, 3154, 7594, 3082
104441, 998.00, 14.45, 1051, 1470, 2044, 2505, 3161, 3523, 4166, 4662, 13731, 5335
104790, 997.60, 14.46, 928, 1384, 1883, 2374, 2728, 2978, 3593, 3970, 11646, 4613
105141, 997.60, 14.47, 1254, 1765, 2470, 2980, 2841, 3068, 3736, 4123, 9304, 3618
105491, 998.10, 14.49, 1013, 1471, 1960, 2437, 2191, 2531, 2953, 3299, 11032, 3995
105840, 998.20, 14.51, 711, 936, 1292, 1663, 1556, 1858, 2216, 2367, 7724, 2941
106193, 998.40, 14.51, 706, 1041, 1403, 1716, 1904, 2215, 2506, 2962, 9857, 3516
106541, 998.00, 14.52, 748, 1161, 1519, 1906, 1629, 1899, 2209, 2558, 10044, 3942
106892, 997.90, 14.53, 534, 803, 1072, 1356, 1464, 1743, 1974, 2330, 8446, 3163
107242, 998.20, 14.54, 567, 902, 1186, 1503, 1447, 1694, 1990, 2283, 8637, 3225
107591, 998.30, 14.55, 712, 1116, 1478, 1823, 1635, 1935, 2206, 2510, 10924, 4264
107941, 998.20, 14.54, 385, 553, 739, 933, 1336, 1578, 1772, 2092, 9680, 4377
108293, 997.80, 14.54, 711, 971, 1281, 1660, 1724, 1959, 2410, 2654, 10208, 3995
108642, 998.20, 14.55, 709, 924, 1271, 1560, 1569, 1843, 2050, 2507, 10045, 4378
108992, 998.30, 14.57, 625, 909, 1256, 1430, 1713, 1998, 2335, 2706, 11008, 4454
109343, 998.50, 14.58, 798, 1222, 1610, 2041, 2007, 2346, 2651, 3097, 13314, 5242
109712, 998.40, 14.58, 879, 1259, 1696, 2170, 1754, 2099, 2460, 2698, 10593, 4304
110061, 997.80, 14.57, 816, 1199, 1567, 2034, 2737, 2949, 3701, 3943, 13415, 5591
110415, 997.80, 14.58, 1046, 1488, 2020, 2531, 2193, 2360, 2950, 3238, 9145, 3934
110765, 998.10, 14.59, 879, 1289, 1719, 2067, 2305, 2528, 2906, 3456, 11186, 4588
111114, 998.10, 14.59, 735, 959, 1279, 1721, 1743, 2062, 2417, 2645, 7613, 3003
111467, 998.00, 14.61, 707, 895, 1220, 1682, 1812, 2252, 2648, 2715, 9066, 3175
111817, 998.10, 14.62, 808, 1088, 1484, 1968, 2140, 2487, 2980, 3105, 9213, 3388
112168, 998.30, 14.62, 768, 1010, 1384, 1873, 2276, 2633, 3085, 3356, 9767, 3572
112528, 998.20, 14.62, 943, 1345, 1800, 2290, 2326, 2597, 3087, 3428, 9646, 3670
112877, 997.40, 14.61, 1071, 1535, 2031, 2557, 3368, 3652, 4327, 4820, 12649, 5127
113228, 997.40, 14.61, 1376, 2012, 2688, 3350, 3986, 4416, 5101, 5709, 15313, 6110
113577, 997.80, 14.63, 1455, 2104, 2848, 3481, 3713, 4108, 4687, 5357, 10964, 3777
113927, 997.60, 14.64, 1280, 1851, 2567, 3028, 3537, 3836, 4432, 5057, 10188, 3555
114278, 1007.60, 14.67, 1240, 1830, 2524, 2983, 2060, 2199, 2556, 2912, 6372, 1599
114631, 1005.40, 14.66, 861, 1322, 1878, 2244, 1813, 1918, 2314, 2545, 5507, 1072
114981, 1004.50, 14.64, 767, 1218, 1691, 2060, 2800, 2949, 3564, 3898, 9604, 2076
115333, 1004.60, 14.63, 912, 1465, 2034, 2489, 2861, 2983, 3711, 4018, 11038, 2565
115685, 1004.60, 14.62, 926, 1483, 2055, 2528, 2842, 2966, 3721, 3973, 11696, 2815
116034, 1008.20, 14.62, 1043, 1671, 2329, 2858, 2957, 3058, 3883, 4023, 12841, 2738
116385, 1006.80, 14.61, 930, 1484, 2050, 2567, 2481, 2687, 3284, 3524, 14084, 3454
116734, 1010.60, 14.59, 1049, 1698, 2345, 2905, 4054, 4294, 5195, 5576, 18487, 3512
117086, 1022.80, 14.59, 1132, 1914, 2677, 3423, 3208, 3425, 4053, 4336, 15168, 2100
117437, 1032.20, 14.58, 812, 1324, 1921, 2414, 2692, 2886, 3284, 3551, 14723, 1716
117786, 1041.90, 14.58, 662, 1090, 1602, 2031, 2168, 2316, 2573, 2828, 12901, 1421
118136, 1048.50, 14.57, 602, 996, 1495, 1888, 2294, 2395, 2656, 2870, 12706, 1261
118485, 1054.50, 14.56, 670, 1128, 1721, 2163, 2637, 2751, 3020, 3239, 13004, 1186
118836, 1057.00, 14.55, 690, 1185, 1811, 2303, 2546, 2643, 2906, 3096, 12118, 1090
119190, 1063.60, 14.53, 596, 1013, 1581, 1977, 2479, 2498, 2798, 2934, 11607, 1062
119542, 1072.40, 14.52, 641, 1115, 1759, 2226, 2642, 2661, 2953, 3050, 11561, 1003
119892, 1083.00, 14.51, 666, 1190, 1897, 2426, 2899, 2927, 3114, 3282, 11219, 892
120241, 1093.20, 14.50, 595, 1080, 1739, 2249, 2673, 2643, 2823, 2889, 10227, 824
120592, 1101.50, 14.48, 516, 943, 1537, 1999, 2229, 2156, 2343, 2316, 8861, 736
120942, 1106.90, 14.46, 425, 784, 1284, 1689, 2141, 2056, 2229, 2176, 8380, 691
121295, 1114.90, 14.44, 426, 795, 1314, 1731, 2196, 2093, 2239, 2182, 8276, 675
121648, 1122.90, 14.42, 421, 790, 1316, 1745, 2084, 1981, 2119, 2016, 7656, 619
121998, 1129.40, 14.40, 413, 778, 1305, 1749, 2082, 1975, 2090, 1974, 7286, 579
122355, 1129.80, 14.38, 394, 746, 1255, 1694, 2085, 1973, 2090, 1968, 7107, 561
122705, 1136.20, 14.35, 409, 784, 1320, 1790, 2172, 2058, 2140, 2026, 6974, 540
123057, 1137.30, 14.33, 399, 773, 1311, 1773, 2156, 2037, 2116, 1992, 6831, 525
123408, 1130.20, 14.31, 408, 793, 1337, 1816, 2219, 2114, 2191, 2086, 6805, 515
123759, 1133.30, 14.29, 406, 780, 1302, 1790, 1978, 1890, 1993, 1862, 5879, 443
124108, 1148.50, 14.27, 193, 357, 580, 855, 1196, 1149, 1204, 1101, 3582, 276
124458, 1167.10, 14.24, 236, 447, 752, 1095, 1483, 1409, 1419, 1275, 4040, 300
124810, 1183.50, 14.21, 342, 694, 1257, 1788, 1487, 1402, 1314, 1130, 5270, 389
125160, 1195.60, 14.13, 226, 440, 834, 1173, 2071, 1870, 1798, 1551, 5543, 388
125514, 1210.00, 14.08, 101, 144, 275, 391, 410, 429, 351, 341, 390, 32
125863, 1214.90, 14.01, 233, 444, 827, 1177, 1643, 1525, 1385, 1198, 2443, 153
126214, 1216.20, 13.95, 215, 400, 763, 1067, 1329, 1222, 1130, 977, 1480, 99
126563, 1215.60, 13.89, 225, 441, 837, 1194, 1326, 1207, 1135, 955, 1768, 116
126913, 1211.70, 13.84, 253, 511, 956, 1384, 1423, 1298, 1268, 1026, 2463, 161
127263, 1211.40, 13.79, 143, 275, 519, 776, 952, 853, 907, 695, 1486, 102
127612, 1218.20, 13.76, 162, 319, 599, 894, 1222, 1104, 1112, 875, 2336, 152
127966, 1236.30, 13.72, 167, 342, 651, 957, 1170, 1011, 1009, 775, 1866, 124
128316, 1254.80, 13.68, 187, 390, 756, 1114, 1476, 1286, 1207, 919, 2753, 183
128667, 1271.30, 13.65, 180, 371, 739, 1107, 925, 835, 668, 524, 3207, 233
129016, 1288.90, 13.61, 89, 168, 363, 531, 1216, 1075, 921, 689, 3793, 268
129366, 1305.80, 13.58, 151, 318, 636, 984, 1132, 998, 834, 608, 2860, 190
129717, 1322.20, 13.53, 117, 239, 495, 773, 820, 738, 571, 426, 2487, 171
130066, 1335.80, 13.49, 91, 174, 362, 557, 722, 644, 504, 382, 2973, 228
130418, 1349.50, 13.44, 98, 205, 429, 674, 922, 752, 608, 415, 3273, 245
130768, 1368.40, 13.39, 113, 257, 543, 869, 1176, 975, 747, 513, 3586, 251
131118, 1384.40, 13.36, 88, 179, 385, 612, 565, 491, 334, 240, 1807, 129
131467, 1397.90, 13.31, 72, 144, 323, 521, 947, 792, 546, 372, 2435, 165
131817, 1411.20, 13.25, 119, 262, 575, 924, 1041, 845, 602, 399, 2963, 207
132167, 1424.80, 13.21, 67, 148, 326, 559, 531, 406, 314, 181, 1832, 143
132515, 1442.90, 13.18, 36, 69, 167, 279, 444, 345, 265, 159, 1749, 145
132867, 1459.90, 13.14, 58, 115, 270, 435, 627, 495, 316, 205, 1845, 134
133217, 1475.20, 13.11, 67, 138, 337, 563, 828, 650, 406, 245, 1790, 122
133569, 1488.70, 13.08, 91, 197, 473, 777, 882, 682, 438, 271, 2133, 152
133919, 1502.10, 13.06, 46, 93, 221, 403, 400, 312, 217, 109, 1068, 82
134270, 1520.20, 13.04, 20, 37, 99, 202, 291, 207, 158, 66, 760, 63
134620, 1538.00, 13.02, 50, 103, 256, 432, 695, 507, 304, 177, 1714, 125
134970, 1553.30, 13.00, 55, 116, 302, 524, 774, 568, 325, 181, 1680, 114
135323, 1567.00, 12.98, 67, 146, 379, 647, 664, 510, 279, 164, 1157, 80
135673, 1581.80, 12.95, 28, 48, 128, 261, 299, 227, 132, 59, 582, 42
136024, 1599.60, 12.93, 22, 37, 100, 216, 319, 251, 148, 70, 663, 49
136375, 1616.30, 12.91, 36, 73, 193, 355, 646, 456, 259, 136, 1259, 91
136725, 1631.60, 12.89, 49, 107, 295, 523, 721, 487, 258, 136, 1300, 89
137074, 1645.60, 12.87, 43, 89, 247, 450, 534, 394, 198, 106, 797, 57
137424, 1659.00, 12.85, 27, 43, 125, 249, 314, 252, 120, 60, 569, 41
137776, 1674.70, 12.83, 22, 34, 102, 204, 309, 246, 117, 59, 532, 38
138127, 1692.70, 12.81, 31, 62, 175, 335, 572, 389, 197, 96, 952, 64
138477, 1708.80, 12.79, 35, 76, 218, 414, 565, 376, 184, 88, 865, 59
138828, 1723.90, 12.78, 30, 55, 165, 317, 418, 306, 136, 69, 602, 43
139177, 1736.60, 12.76, 23, 36, 110, 224, 298, 215, 93, 44, 523, 37
139528, 1752.40, 12.74, 18, 29, 92, 190, 311, 233, 102, 49, 512, 37
139877, 1767.40, 12.73, 30, 60, 180, 347, 554, 354, 162, 76, 874, 59
140233, 1775.80, 12.71, 31, 63, 196, 376, 523, 344, 154, 73, 720, 50
140583, 1770.10, 12.69, 28, 51, 156, 305, 471, 325, 144, 70, 652, 47
140934, 1755.00, 12.67, 30, 56, 171, 331, 496, 337, 154, 74, 717, 51
141284, 1742.90, 12.66, 30, 57, 171, 331, 473, 327, 152, 73, 738, 53
141730, 1730.90, 12.63, 31, 59, 174, 335, 501, 347, 163, 80, 846, 61
142080, 1731.60, 12.62, 31, 60, 177, 339, 478, 334, 161, 78, 900, 66
142429, 1744.30, 12.61, 25, 45, 135, 266, 391, 273, 137, 62, 822, 63
142782, 1762.50, 12.59, 25, 47, 142, 280, 430, 299, 140, 65, 906, 66
143132, 1780.80, 12.58, 29, 58, 176, 348, 506, 336, 147, 68, 877, 57
143481, 1794.20, 12.57, 24, 45, 144, 291, 373, 250, 105, 48, 553, 36
143831, 1793.60, 12.56, 21, 35, 110, 225, 349, 257, 108, 52, 601, 43
144181, 1792.30, 12.56, 24, 42, 133, 272, 391, 277, 123, 55, 608, 41
144531, 1790.60, 12.55, 23, 39, 122, 256, 379, 274, 122, 55, 589, 40
144880, 1781.60, 12.54, 23, 42, 131, 273, 398, 278, 129, 56, 573, 38
145230, 1770.40, 12.54, 24, 43, 133, 276, 405, 281, 134, 58, 552, 38
145582, 1766.50, 12.53, 24, 44, 135, 276, 416, 286, 137, 60, 541, 39
145934, 1771.50, 12.52, 25, 47, 145, 291, 429, 289, 135, 61, 536, 38
146284, 1785.70, 12.52, 21, 36, 114, 231, 351, 247, 113, 52, 509, 38
146635, 1782.20, 12.51, 25, 43, 134, 267, 400, 277, 126, 58, 516, 39
146984, 1778.30, 12.51, 27, 52, 161, 319, 487, 319, 140, 64, 661, 43
147335, 1783.50, 12.50, 27, 52, 160, 318, 375, 268, 118, 56, 527, 39
147685, 1796.40, 12.49, 19, 32, 107, 219, 328, 232, 98, 45, 529, 37
148037, 1814.10, 12.49, 22, 35, 112, 230, 346, 252, 104, 50, 523, 38
148386, 1831.60, 12.48, 25, 48, 154, 309, 398, 250, 101, 45, 746, 52
148737, 1846.80, 12.44, 15, 27, 92, 192, 414, 263, 107, 47, 639, 43
149087, 1861.80, 12.43, 17, 28, 96, 202, 321, 215, 86, 38, 482, 33
149438, 1858.60, 12.42, 21, 37, 122, 252, 374, 248, 105, 46, 480, 35
149787, 1859.30, 12.41, 21, 37, 122, 256, 402, 261, 108, 46, 528, 36
150136, 1858.00, 12.41, 21, 38, 125, 265, 379, 250, 105, 44, 506, 34
150497, 1862.20, 12.40, 20, 33, 110, 238, 344, 237, 101, 43, 482, 34
150847, 1863.60, 12.39, 18, 31, 101, 219, 340, 235, 99, 42, 472, 33
151197, 1865.10, 12.39, 19, 32, 104, 227, 344, 238, 100, 42, 483, 33
151546, 1871.40, 12.38, 19, 32, 104, 226, 343, 238, 99, 42, 485, 33
151897, 1875.70, 12.38, 19, 32, 105, 227, 346, 238, 98, 41, 492, 33
152246, 1877.90, 12.38, 19, 32, 106, 229, 347, 238, 97, 41, 494, 34
152595, 1879.10, 12.38, 19, 32, 105, 228, 347, 238, 97, 41, 494, 33
152946, 1877.50, 12.39, 19, 32, 106, 230, 349, 239, 98, 41, 494, 34
153299, 1874.70, 12.39, 19, 32, 107, 231, 350, 240, 99, 42, 493, 34
153649, 1876.80, 12.38, 19, 32, 105, 228, 344, 236, 98, 41, 477, 33
153998, 1878.30, 12.38, 19, 31, 104, 226, 346, 236, 98, 41, 476, 32
154348, 1877.20, 12.38, 19, 32, 106, 229, 346, 235, 98, 41, 475, 33
154699, 1877.50, 12.38, 19, 31, 103, 224, 341, 232, 97, 41, 463, 32
155048, 1879.00, 12.39, 18, 31, 102, 223, 340, 232, 97, 40, 463, 32
155397, 1879.10, 12.40, 18, 31, 102, 222, 339, 230, 97, 40, 458, 32
155748, 1879.00, 12.41, 18, 31, 102, 222, 341, 231, 97, 41, 460, 32
156099, 1878.10, 12.41, 18, 31, 103, 223, 342, 232, 98, 41, 458, 32
156449, 1877.10, 12.42, 19, 31, 104, 223, 345, 233, 98, 41, 460, 33
156798, 1876.90, 12.43, 19, 31, 104, 224, 343, 232, 98, 41, 456, 33
157148, 1876.70, 12.44, 19, 31, 103, 222, 345, 233, 98, 41, 457, 33
157497, 1874.30, 12.45, 19, 32, 106, 225, 353, 237, 99, 42, 461, 34
157846, 1872.90, 12.48, 19, 32, 107, 227, 352, 237, 99, 43, 459, 34
158197, 1871.30, 12.49, 19, 33, 108, 229, 355, 239, 99, 43, 461, 34
158551, 1868.70, 12.49, 20, 33, 111, 232, 360, 242, 100, 44, 465, 34
158900, 1870.50, 12.49, 20, 33, 110, 229, 355, 240, 98, 44, 463, 34
159249, 1862.20, 12.49, 20, 34, 113, 234, 375, 250, 103, 46, 479, 35
159598, 1857.10, 12.48, 21, 35, 117, 241, 370, 251, 103, 47, 483, 36
159947, 1859.20, 12.44, 21, 35, 117, 240, 379, 253, 104, 47, 488, 36
160298, 1868.90, 12.42, 20, 32, 105, 219, 339, 237, 93, 43, 477, 35
160649, 1869.60, 12.41, 21, 35, 115, 238, 367, 250, 100, 45, 486, 36
161001, 1869.90, 12.39, 21, 34, 112, 234, 371, 251, 100, 46, 490, 36
161351, 1869.30, 12.39, 21, 34, 112, 233, 361, 248, 98, 45, 487, 36
161702, 1869.50, 12.38, 21, 34, 112, 233, 360, 247, 98, 45, 488, 36
162051, 1870.00, 12.38, 21, 33, 111, 231, 362, 249, 98, 45, 492, 36
162402, 1870.90, 12.38, 21, 33, 111, 231, 358, 248, 97, 45, 494, 36
162753, 1873.00, 12.38, 21, 33, 110, 230, 359, 248, 97, 45, 498, 36
163102, 1874.80, 12.38, 20, 33, 110, 230, 360, 249, 97, 45, 503, 37
163456, 1870.20, 12.38, 21, 34, 112, 234, 373, 255, 100, 46, 516, 38
163805, 1864.40, 12.37, 21, 36, 118, 244, 379, 258, 102, 47, 528, 39
164158, 1863.90, 12.36, 22, 36, 118, 244, 379, 262, 103, 48, 533, 39
164508, 1852.80, 12.36, 22, 38, 124, 254, 394, 269, 107, 50, 554, 40
164865, 1846.40, 12.35, 23, 38, 124, 254, 398, 274, 109, 51, 564, 41
165215, 1838.50, 12.35, 23, 39, 128, 260, 404, 278, 112, 53, 576, 42
165565, 1831.80, 12.34, 24, 41, 131, 266, 408, 281, 115, 54, 585, 43
165918, 1828.70, 12.34, 24, 40, 130, 263, 407, 281, 115, 54, 586, 43
166269, 1825.90, 12.33, 24, 40, 129, 262, 409, 282, 116, 54, 584, 43
166619, 1825.10, 12.33, 24, 41, 132, 267, 400, 278, 115, 54, 573, 42
166970, 1837.50, 12.33, 22, 35, 114, 236, 354, 254, 103, 48, 536, 39
167319, 1855.20, 12.32, 21, 34, 110, 230, 356, 253, 100, 46, 531, 38
167669, 1867.90, 12.31, 23, 39, 129, 263, 431, 271, 109, 48, 614, 42
168020, 1871.10, 12.29, 22, 42, 140, 285, 433, 272, 109, 48, 606, 42
168369, 1873.60, 12.28, 22, 40, 134, 274, 423, 271, 108, 48, 582, 41
168723, 1880.60, 12.28, 21, 35, 115, 240, 379, 257, 100, 46, 527, 38
169072, 1871.30, 12.27, 22, 37, 125, 258, 413, 266, 106, 47, 562, 40
169423, 1862.60, 12.26, 22, 38, 126, 259, 399, 269, 107, 49, 544, 40
169773, 1856.50, 12.25, 23, 40, 133, 272, 414, 273, 110, 50, 560, 40
170122, 1860.30, 12.24, 23, 39, 127, 259, 395, 264, 106, 48, 541, 39
170472, 1865.40, 12.23, 22, 36, 118, 244, 376, 260, 103, 48, 523, 38
170822, 1864.00, 12.23, 23, 39, 130, 266, 419, 272, 110, 49, 551, 40
171175, 1863.80, 12.22, 22, 38, 125, 257, 392, 264, 106, 49, 519, 38
171526, 1869.40, 12.22, 21, 33, 110, 230, 336, 236, 92, 42, 487, 35
171875, 1865.70, 12.22, 21, 34, 113, 236, 390, 260, 106, 47, 502, 37
172225, 1855.50, 12.22, 22, 39, 129, 265, 418, 271, 113, 49, 526, 38
172575, 1850.60, 12.21, 23, 41, 135, 276, 395, 265, 111, 50, 506, 37
172925, 1843.30, 12.21, 23, 41, 135, 276, 436, 282, 118, 52, 547, 38
173275, 1830.70, 12.20, 23, 39, 127, 259, 417, 277, 119, 53, 517, 38
173625, 1819.20, 12.20, 23, 40, 129, 262, 385, 268, 116, 53, 514, 38
173977, 1810.20, 12.19, 24, 41, 131, 265, 453, 298, 131, 59, 562, 40
174327, 1810.30, 12.19, 25, 47, 150, 303, 441, 293, 129, 58, 547, 39
174677, 1803.00, 12.19, 24, 40, 128, 260, 439, 294, 132, 59, 545, 40
175026, 1796.60, 12.19, 26, 48, 151, 302, 426, 290, 131, 60, 536, 40
175375, 1785.70, 12.19, 26, 47, 147, 293, 451, 303, 139, 63, 552, 40
175726, 1771.50, 12.19, 26, 45, 141, 281, 421, 294, 137, 64, 535, 41
176077, 1759.50, 12.18, 27, 47, 145, 288, 467, 318, 151, 69, 563, 41
176430, 1747.30, 12.18, 28, 50, 154, 303, 466, 321, 155, 71, 559, 41
176779, 1733.40, 12.18, 31, 60, 180, 354, 485, 336, 164, 75, 587, 42
177130, 1719.60, 12.18, 29, 53, 160, 313, 480, 336, 168, 78, 581, 42
177481, 1708.60, 12.18, 32, 62, 184, 356, 485, 343, 174, 81, 596, 42
177830, 1698.60, 12.17, 31, 57, 169, 329, 483, 340, 174, 81, 581, 41
178180, 1687.90, 12.17, 31, 59, 173, 335, 513, 360, 182, 87, 621, 42
178531, 1674.30, 12.17, 31, 56, 163, 318, 502, 356, 188, 89, 604, 42
178884, 1660.40, 12.17, 31, 56, 162, 315, 473, 342, 189, 89, 572, 42
179234, 1647.00, 12.17, 38, 76, 214, 402, 475, 344, 194, 94, 566, 42
179582, 1632.20, 12.17, 38, 73, 205, 382, 560, 406, 224, 113, 631, 45
179932, 1617.90, 12.17, 39, 76, 209, 384, 590, 428, 233, 122, 639, 44
180282, 1603.10, 12.17, 41, 78, 214, 390, 573, 420, 237, 125, 609, 44
180631, 1586.90, 12.18, 45, 91, 244, 442, 562, 415, 238, 129, 583, 43
180981, 1576.50, 12.18, 50, 102, 270, 484, 609, 451, 261, 142, 652, 45
181339, 1564.20, 12.19, 42, 81, 217, 385, 545, 406, 246, 133, 573, 42
181691, 1549.10, 12.19, 50, 102, 263, 469, 651, 490, 293, 162, 740, 49
182041, 1530.20, 12.20, 51, 103, 264, 468, 656, 498, 305, 173, 717, 48
182390, 1514.30, 12.21, 50, 98, 250, 434, 495, 372, 247, 139, 494, 39
182740, 1499.30, 12.21, 45, 84, 216, 369, 647, 498, 320, 189, 632, 44
183091, 1485.50, 12.21, 51, 100, 249, 423, 675, 523, 347, 202, 768, 51
183440, 1470.50, 12.22, 78, 168, 408, 686, 691, 543, 369, 215, 915, 59
183789, 1454.60, 12.23, 69, 146, 349, 588, 694, 535, 383, 223, 866, 56
184141, 1436.20, 12.24, 64, 136, 321, 540, 731, 562, 415, 244, 920, 60
184492, 1417.40, 12.24, 78, 169, 388, 646, 925, 724, 533, 320, 1488, 96
184841, 1399.30, 12.25, 78, 167, 377, 632, 862, 700, 531, 328, 1618, 107
185192, 1384.10, 12.26, 85, 180, 401, 665, 936, 738, 585, 359, 1480, 97
185541, 1381.70, 12.26, 100, 222, 494, 797, 988, 776, 616, 382, 1523, 99
185892, 1367.10, 12.27, 100, 213, 464, 759, 1147, 925, 735, 466, 2151, 141
186244, 1352.20, 12.27, 97, 204, 439, 715, 972, 817, 660, 433, 2077, 140
186597, 1342.30, 12.28, 119, 256, 543, 866, 1035, 867, 719, 477, 2075, 138
186947, 1322.90, 12.29, 117, 252, 529, 838, 1080, 902, 768, 518, 1934, 127
187296, 1312.20, 12.30, 131, 282, 583, 913, 982, 837, 731, 499, 1768, 117
187647, 1305.30, 12.30, 152, 324, 663, 1031, 1276, 1095, 922, 646, 2727, 177
187998, 1287.90, 12.31, 118, 246, 499, 777, 1171, 985, 886, 631, 1729, 112
188350, 1272.60, 12.32, 125, 256, 513, 793, 1111, 963, 893, 647, 1751, 112
188703, 1260.70, 12.33, 152, 313, 620, 925, 1113, 985, 925, 683, 1888, 120
189052, 1243.60, 12.34, 176, 361, 700, 1045, 1339, 1207, 1123, 860, 2500, 160
189402, 1222.70, 12.36, 184, 369, 707, 1038, 1313, 1178, 1155, 905, 2117, 136
189752, 1206.90, 12.38, 167, 325, 611, 906, 1131, 1008, 1064, 824, 1581, 107
190101, 1187.60, 12.40, 233, 455, 837, 1209, 1581, 1485, 1486, 1235, 2970, 192
190452, 1172.00, 12.42, 281, 552, 997, 1418, 1738, 1637, 1667, 1424, 3267, 212
190803, 1158.00, 12.48, 274, 522, 934, 1303, 1397, 1274, 1400, 1191, 2116, 140
191164, 1139.70, 12.51, 291, 549, 961, 1342, 1570, 1469, 1649, 1423, 2874, 190
191514, 1132.60, 12.53, 321, 607, 1048, 1443, 1984, 1882, 2055, 1863, 3961, 267
191864, 1135.20, 12.57, 340, 646, 1116, 1515, 1644, 1513, 1711, 1500, 2926, 197
192213, 1131.40, 12.59, 311, 590, 1022, 1394, 1809, 1719, 1894, 1709, 3689, 245
192563, 1119.90, 12.62, 343, 644, 1101, 1499, 1653, 1567, 1803, 1593, 3253, 218
192912, 1110.30, 12.64, 363, 670, 1124, 1559, 1720, 1683, 1933, 1738, 3845, 260
193264, 1094.10, 12.67, 388, 711, 1179, 1610, 2030, 1987, 2287, 2157, 4492, 312
193613, 1077.60, 12.70, 435, 787, 1286, 1727, 1982, 1946, 2315, 2189, 4479, 317
193966, 1063.00, 12.74, 443, 776, 1228, 1669, 2253, 2247, 2673, 2634, 5342, 399
194315, 1045.00, 12.81, 584, 1010, 1559, 2036, 2268, 2297, 2817, 2833, 5784, 497
194664, 1018.80, 12.89, 621, 1026, 1540, 1979, 2375, 2391, 3058, 3108, 5923, 707
195015, 998.10, 12.95, 877, 1389, 1990, 2458, 3237, 3377, 4224, 4539, 9346, 2120
195365, 997.30, 13.05, 1172, 1789, 2456, 2973, 2880, 2994, 3749, 4058, 8206, 2858
195718, 997.40, 13.12, 1118, 1674, 2302, 2755, 2859, 2984, 3663, 4036, 7401, 2694
196069, 997.40, 13.19, 1149, 1693, 2328, 2789, 3208, 3437, 4066, 4556, 7496, 2716
196420, 997.60, 13.24, 1286, 1810, 2508, 2973, 3663, 3971, 4571, 5219, 9781, 3381
196769, 997.60, 13.32, 1495, 2199, 2952, 3608, 4360, 4721, 5504, 6214, 16974, 6561
197119, 997.40, 13.35, 1599, 2522, 3310, 4121, 4690, 4997, 5909, 6625, 26528, 10727
197468, 997.40, 13.39, 1715, 2666, 3568, 4318, 4919, 5220, 6212, 6969, 31857, 13543
197824, 997.20, 13.41, 1753, 2660, 3609, 4371, 4596, 5029, 5922, 6610, 29385, 11763
198174, 998.40, 13.45, 1532, 2336, 3156, 3918, 4042, 4362, 5342, 5743, 20198, 7693
198525, 996.90, 13.45, 1187, 1821, 2453, 3077, 3302, 3402, 4311, 4590, 11024, 4079
198874, 997.10, 13.48, 1216, 1804, 2486, 2970, 3156, 3375, 3999, 4508, 7415, 2678
199223, 997.20, 13.50, 1280, 1823, 2520, 2995, 3830, 4137, 4781, 5440, 10560, 3672
199573, 997.80, 13.51, 1464, 2122, 2864, 3468, 4358, 4766, 5485, 6217, 15653, 5790
199928, 998.00, 13.52, 1587, 2373, 3149, 3921, 4474, 4834, 5702, 6345, 19287, 7483
200277, 997.90, 13.54, 1617, 2514, 3311, 4141, 4577, 4875, 5829, 6462, 23248, 9338
200630, 997.70, 13.55, 1632, 2583, 3419, 4206, 4740, 4998, 5967, 6713, 27558, 11217
200979, 998.10, 13.56, 1679, 2646, 3531, 4288, 4910, 5187, 6193, 6948, 30896, 12795
201330, 997.80, 13.56, 1728, 2688, 3615, 4359, 4963, 5264, 6260, 7026, 32247, 13573
201682, 998.00, 13.57, 1809, 2782, 3763, 4500, 5028, 5358, 6309, 7125, 32496, 13817
202033, 997.90, 13.57, 1831, 2808, 3781, 4549, 4974, 5341, 6272, 7078, 32142, 13700
202382, 1000.00, 13.60, 1809, 2773, 3736, 4525, 4869, 5256, 6170, 6946, 31100, 13042
202733, 1004.20, 13.62, 1205, 1938, 2597, 3151, 4619, 4902, 5793, 6592, 29134, 8797
203082, 1007.00, 13.64, 1586, 2502, 3462, 4183, 4395, 4680, 5538, 6212, 26970, 6861
203432, 1012.00, 13.67, 1538, 2431, 3391, 4139, 4579, 4911, 5759, 6363, 25515, 5183
203782, 1016.40, 13.69, 1368, 2166, 3075, 3768, 4039, 4347, 5068, 5558, 22634, 3899
204137, 1016.80, 13.71, 1211, 1912, 2727, 3360, 3569, 3860, 4482, 4913, 20141, 3396
204487, 1016.60, 13.73, 1162, 1842, 2620, 3266, 3407, 3691, 4325, 4705, 18717, 3100
204839, 1016.60, 13.74, 1037, 1632, 2313, 2892, 3361, 3619, 4317, 4620, 17156, 2776
205188, 1021.20, 13.75, 1128, 1846, 2623, 3340, 3705, 3878, 4725, 4916, 13701, 1794
205539, 1022.20, 13.77, 976, 1605, 2301, 2935, 3230, 3386, 4122, 4321, 13147, 1772
205890, 1022.90, 13.77, 1025, 1703, 2465, 3117, 3466, 3602, 4391, 4594, 12493, 1532
206243, 1024.30, 13.78, 988, 1647, 2393, 3030, 3296, 3440, 4192, 4350, 12395, 1497
206593, 1026.10, 13.79, 830, 1383, 2037, 2579, 2790, 2922, 3593, 3762, 10583, 1308
206942, 1025.30, 13.79, 711, 1187, 1750, 2244, 2582, 2760, 3370, 3639, 11001, 1424
207299, 1024.20, 13.80, 683, 1160, 1709, 2222, 2572, 2771, 3411, 3663, 10601, 1428
207648, 1024.70, 13.81, 694, 1153, 1706, 2231, 2728, 2984, 3624, 3925, 12217, 1701
207999, 1025.30, 13.81, 954, 1566, 2275, 2916, 3349, 3583, 4236, 4508, 15043, 1946
208353, 1025.10, 13.82, 836, 1359, 1978, 2521, 3359, 3652, 4291, 4597, 15555, 2045
208704, 1024.30, 13.82, 830, 1307, 1906, 2444, 2747, 3075, 3573, 3860, 13565, 1887
209054, 1022.30, 13.83, 890, 1393, 2037, 2603, 2755, 2959, 3477, 3815, 13692, 2005
209405, 1018.70, 13.83, 800, 1265, 1822, 2332, 2850, 3110, 3675, 4006, 14830, 2360
209755, 1017.70, 13.83, 981, 1593, 2274, 2880, 3256, 3519, 4209, 4527, 16037, 2542
210105, 1021.80, 13.84, 989, 1595, 2295, 2875, 3266, 3563, 4141, 4576, 17447, 2658
210457, 1020.30, 13.84, 974, 1533, 2220, 2790, 3433, 3715, 4314, 4691, 19415, 2913
210807, 1010.80, 13.84, 1263, 2029, 2894, 3545, 4207, 4450, 5174, 5829, 24970, 4613
211158, 1015.20, 13.85, 1261, 2081, 2913, 3536, 3774, 3911, 4749, 5154, 23581, 4468
211509, 1020.40, 13.85, 1343, 2208, 3136, 3856, 3867, 4078, 4759, 5261, 22972, 3706
211859, 1023.40, 13.86, 1050, 1720, 2458, 3009, 3649, 3796, 4446, 4871, 21691, 3300
212210, 1020.10, 13.86, 1197, 2038, 2880, 3586, 3958, 4142, 4896, 5322, 20796, 2834
212563, 1015.70, 13.87, 1007, 1683, 2314, 3035, 3320, 3457, 4134, 4440, 18591, 3054
212913, 1022.70, 13.86, 856, 1364, 1862, 2411, 2758, 2859, 3441, 3693, 14705, 2412
213264, 1037.90, 13.86, 877, 1567, 2236, 2753, 3356, 3370, 3983, 4277, 14998, 1777
213614, 1051.10, 13.86, 850, 1407, 2059, 2667, 3323, 3427, 3791, 4169, 8584, 717
213964, 1062.30, 13.86, 590, 940, 1459, 1827, 1821, 1846, 2055, 2239, 2155, 183
214313, 1073.90, 13.86, 431, 710, 1138, 1421, 2030, 1999, 2289, 2351, 2376, 188
214667, 1081.60, 13.85, 662, 1181, 1864, 2484, 2870, 2893, 3208, 3206, 5220, 356
215016, 1086.40, 13.84, 544, 955, 1537, 2027, 2330, 2309, 2601, 2557, 3373, 246
215368, 1090.30, 13.83, 510, 901, 1462, 1958, 2214, 2179, 2482, 2397, 3500, 250
215719, 1093.20, 13.80, 450, 800, 1313, 1758, 2101, 2055, 2389, 2270, 3904, 272
216068, 1093.00, 13.79, 463, 839, 1371, 1853, 2152, 2164, 2456, 2351, 5475, 384
216418, 1091.70, 13.77, 465, 837, 1372, 1861, 2156, 2188, 2455, 2357, 6708, 486
216769, 1091.40, 13.74, 474, 850, 1380, 1881, 2061, 2106, 2347, 2276, 7355, 550
217122, 1093.10, 13.71, 444, 778, 1262, 1717, 2033, 2098, 2322, 2250, 7845, 591
217473, 1091.10, 13.70, 472, 832, 1348, 1834, 1986, 2079, 2227, 2201, 8791, 681
217824, 1087.20, 13.69, 474, 811, 1319, 1752, 2134, 2236, 2374, 2383, 10331, 810
218173, 1086.70, 13.68, 566, 994, 1597, 2111, 2403, 2496, 2659, 2691, 11862, 922
218524, 1089.10, 13.68, 525, 923, 1480, 1937, 2229, 2284, 2424, 2488, 11736, 949
218873, 1094.00, 13.67, 524, 938, 1512, 1965, 2463, 2489, 2626, 2691, 12171, 963
219235, 1089.00, 13.65, 639, 1194, 1904, 2517, 3297, 3374, 3510, 3637, 12900, 926
219584, 1081.80, 13.64, 822, 1536, 2439, 3227, 3816, 3928, 4115, 4271, 12408, 855
219934, 1080.90, 13.62, 879, 1620, 2564, 3386, 3932, 4056, 4266, 4449, 13054, 916
220284, 1080.20, 13.61, 826, 1511, 2375, 3101, 3533, 3652, 3846, 4072, 14416, 1099
220633, 1084.20, 13.60, 737, 1350, 2107, 2771, 2115, 2071, 2369, 2333, 10972, 941
220984, 1098.10, 13.59, 303, 524, 844, 1117, 2494, 2447, 2697, 2664, 12004, 986
221336, 1092.30, 13.60, 776, 1439, 2306, 3073, 3169, 3198, 3413, 3437, 13674, 1054
221685, 1088.60, 13.60, 688, 1232, 1998, 2604, 2680, 2732, 2926, 2956, 12736, 1002
222035, 1086.50, 13.59, 486, 822, 1326, 1730, 2083, 2172, 2303, 2355, 10628, 864
222386, 1085.40, 13.58, 532, 907, 1463, 1921, 2191, 2295, 2451, 2483, 10509, 838
222737, 1087.80, 13.56, 606, 1071, 1721, 2283, 2859, 2921, 3231, 3158, 11090, 827
223086, 1088.10, 13.56, 591, 1069, 1713, 2312, 2519, 2568, 2885, 2792, 9373, 697
223441, 1086.90, 13.56, 566, 1027, 1652, 2236, 2484, 2503, 2861, 2725, 8282, 606
223791, 1074.60, 13.56, 511, 913, 1459, 1997, 2275, 2298, 2694, 2568, 7019, 530
224142, 1054.10, 13.56, 547, 956, 1492, 2011, 2552, 2605, 3103, 3055, 7834, 627
224491, 1029.90, 13.57, 730, 1246, 1878, 2461, 2779, 2892, 3512, 3589, 9213, 929
224841, 1003.80, 13.57, 890, 1446, 2061, 2643, 3198, 3407, 4183, 4471, 12119, 2308
225192, 998.00, 13.60, 1404, 2201, 2996, 3721, 3407, 3667, 4507, 4880, 14027, 5174
225553, 997.70, 13.62, 1101, 1701, 2290, 2869, 3493, 3788, 4655, 5022, 15291, 5820
225902, 997.50, 13.65, 1286, 1979, 2675, 3337, 3691, 4018, 4910, 5311, 18041, 6879
226252, 997.60, 13.68, 1287, 1986, 2701, 3367, 3792, 4214, 5100, 5532, 20273, 7757
226602, 997.10, 13.69, 1343, 2067, 2835, 3580, 4118, 4535, 5545, 5898, 21176, 8065
226951, 997.20, 13.71, 1502, 2333, 3164, 3927, 3965, 4312, 5289, 5671, 20760, 8143
227304, 997.50, 13.72, 1343, 2009, 2703, 3387, 3532, 3871, 4659, 5073, 19093, 7691
227654, 997.40, 13.72, 1504, 2225, 3015, 3736, 4523, 4961, 5939, 6505, 25163, 9980
228003, 997.30, 13.73, 1762, 2701, 3635, 4499, 5103, 5604, 6703, 7385, 29721, 11660
228353, 996.90, 13.73, 1686, 2598, 3484, 4322, 4382, 4793, 5772, 6379, 25078, 10247
228705, 996.50, 13.74, 1545, 2310, 3141, 3871, 4038, 4387, 5322, 5773, 21356, 8648
229054, 996.60, 13.75, 1642, 2455, 3343, 4114, 4531, 4861, 5947, 6477, 21847, 8687
229404, 996.60, 13.76, 1690, 2571, 3523, 4295, 4703, 5112, 6178, 6796, 22974, 9077
229754, 996.50, 13.77, 1651, 2540, 3449, 4228, 4473, 4814, 5876, 6469, 20298, 8099
230106, 996.80, 13.77, 1350, 2053, 2770, 3433, 3655, 3857, 4840, 5215, 12661, 5108
230455, 996.70, 13.78, 1333, 1946, 2642, 3269, 3788, 4021, 4970, 5446, 11288, 4438
230804, 996.70, 13.79, 1595, 2444, 3280, 4083, 3320, 3487, 4282, 4809, 9625, 4043
231154, 996.70, 13.79, 1039, 1476, 1984, 2408, 3243, 3453, 4130, 4729, 12263, 5200
231505, 997.10, 13.79, 1464, 2269, 2991, 3661, 4441, 4674, 5573, 6472, 19674, 8382
231854, 997.30, 13.80, 1547, 2242, 3039, 3641, 3806, 4142, 4745, 5533, 18559, 7784
232210, 997.10, 13.81, 1534, 2212, 2997, 3561, 4028, 4289, 5043, 5840, 18167, 7756
232559, 997.10, 13.83, 1354, 2072, 2737, 3366, 3199, 3525, 4097, 4762, 11467, 4539
232910, 997.00, 13.84, 741, 955, 1344, 1537, 1445, 1671, 1912, 2201, 4089, 1737
233259, 997.00, 13.84, 908, 1329, 1776, 2134, 2579, 2755, 3342, 3861, 8666, 3393
233608, 997.90, 13.86, 1011, 1436, 1927, 2300, 2109, 2336, 2786, 3177, 8457, 3527
233958, 997.00, 13.86, 1123, 1608, 2171, 2600, 3144, 3277, 3909, 4549, 13114, 5755
234310, 997.40, 13.86, 1097, 1678, 2199, 2692, 2917, 3027, 3678, 4266, 11482, 4850
234659, 997.10, 13.87, 856, 1131, 1521, 1839, 2176, 2309, 2756, 3203, 8274, 3542
235010, 997.20, 13.88, 881, 1268, 1692, 2054, 2367, 2472, 3087, 3464, 8204, 3350
235360, 997.00, 13.89, 807, 1041, 1434, 1692, 1827, 1985, 2354, 2710, 6281, 2403
235709, 997.10, 13.89, 838, 1170, 1574, 1878, 2355, 2436, 3052, 3379, 8454, 3631
236059, 997.30, 13.90, 844, 1159, 1559, 1879, 1626, 1862, 2195, 2425, 6495, 2644
236413, 997.20, 13.90, 906, 1189, 1625, 1908, 2393, 2618, 2964, 3591, 10600, 4599
236762, 997.10, 13.91, 1023, 1445, 1949, 2288, 2947, 3072, 3744, 4321, 10275, 4493
237113, 997.70, 13.93, 876, 1261, 1698, 2006, 1579, 1728, 1962, 2313, 5297, 2432
237462, 997.40, 13.92, 743, 938, 1319, 1566, 2501, 2567, 3122, 3716, 10006, 4368
237812, 997.50, 13.91, 1264, 1970, 2574, 3139, 3690, 4060, 4559, 5500, 18742, 7821
238163, 997.20, 13.91, 1168, 1696, 2250, 2663, 3087, 3288, 3751, 4519, 14860, 6648
238515, 997.10, 13.93, 1216, 1732, 2375, 2753, 3270, 3497, 4055, 4807, 18047, 7947
238864, 997.50, 13.95, 1183, 1787, 2356, 2845, 2624, 2870, 3319, 4011, 12010, 4948
239215, 997.50, 13.94, 905, 1337, 1816, 2108, 2190, 2393, 2716, 3446, 11566, 4744
239567, 997.40, 13.95, 1431, 2156, 2900, 3439, 3495, 3801, 4471, 5139, 19777, 8142
239916, 997.50, 13.95, 1534, 2309, 3104, 3819, 4046, 4413, 5364, 5987, 23512, 9533
240267, 997.30, 13.97, 1445, 2135, 2892, 3471, 3934, 4168, 5070, 5735, 17464, 6719
240622, 997.40, 13.97, 1523, 2343, 3219, 3867, 4178, 4416, 5377, 6055, 18540, 7060
240971, 997.80, 13.98, 1300, 1941, 2625, 3273, 3051, 3496, 4280, 4543, 14112, 5742
241322, 997.10, 13.98, 989, 1411, 1933, 2255, 3149, 3428, 4122, 4714, 15013, 6139
241674, 997.70, 13.97, 1314, 2031, 2670, 3243, 4062, 4320, 5093, 5817, 21292, 8964
242023, 997.70, 13.98, 1613, 2430, 3257, 3964, 4142, 4437, 5284, 5887, 21917, 9313
242372, 997.40, 13.99, 1182, 1773, 2312, 2924, 2843, 3091, 3702, 4109, 13276, 5462
242726, 997.60, 14.01, 1042, 1430, 1967, 2364, 2819, 3135, 3633, 4254, 12700, 4834
243077, 997.40, 14.01, 1078, 1566, 2151, 2559, 2729, 2977, 3551, 4046, 10880, 4282
243426, 997.30, 14.01, 845, 1178, 1640, 1906, 2481, 2710, 3344, 3681, 7895, 3662
243776, 997.50, 14.02, 1261, 1854, 2518, 3043, 4251, 4657, 5453, 6083, 15573, 5921
244126, 997.40, 14.01, 1814, 2765, 3748, 4569, 5222, 5685, 6667, 7560, 19118, 7074
244476, 997.00, 14.02, 1981, 3056, 4128, 5090, 5556, 6165, 7254, 8107, 21426, 7855
244826, 997.40, 14.04, 2003, 3085, 4156, 5162, 5065, 5720, 6643, 7482, 21410, 7765
245178, 998.30, 14.06, 558, 726, 970, 1169, 415, 575, 687, 946, 2031, 999
245527, 998.00, 14.07, 191, 204, 312, 357, 1259, 1656, 1984, 2110, 6837, 2828
245878, 998.30, 14.07, 1313, 2043, 2747, 3336, 3661, 4019, 4737, 5549, 14717, 6122
246229, 997.60, 14.07, 1452, 2105, 2898, 3404, 3142, 3522, 3974, 4738, 19809, 8343
246579, 997.60, 14.07, 1217, 1773, 2364, 2949, 2819, 3313, 3618, 4313, 17141, 7193
246928, 998.00, 14.07, 1293, 2003, 2652, 3230, 2839, 3158, 3572, 4202, 14155, 6253
247281, 997.30, 14.08, 804, 1109, 1538, 1729, 2096, 2377, 2843, 3257, 12651, 5424
247630, 997.60, 14.08, 999, 1478, 1981, 2445, 2588, 2946, 3490, 4013, 16248, 6765
247981, 997.60, 14.08, 984, 1467, 2014, 2352, 2743, 2932, 3527, 4109, 10601, 4046
248330, 997.50, 14.08, 935, 1313, 1760, 2083, 2843, 3050, 3595, 4257, 15859, 7311
248681, 997.30, 14.09, 1170, 1801, 2362, 2910, 2823, 3065, 3671, 4252, 12254, 5055
249030, 997.30, 14.10, 785, 1051, 1461, 1638, 1946, 2182, 2712, 3095, 7546, 3440
249383, 996.90, 14.09, 1443, 2015, 2775, 3461, 4081, 4634, 5482, 5980, 19614, 7956
249740, 996.90, 14.10, 1509, 2173, 2976, 3728, 3855, 4262, 5205, 5676, 16025, 6448
250093, 996.40, 14.09, 1463, 2144, 2893, 3554, 3866, 4166, 4995, 5774, 13587, 5515
250441, 996.70, 14.09, 1584, 2441, 3266, 4017, 4899, 5115, 6396, 6936, 16813, 7122
250791, 996.90, 14.10, 1734, 2652, 3573, 4387, 4820, 5047, 6149, 6868, 17604, 7585
251142, 997.10, 14.10, 1685, 2517, 3399, 4070, 4692, 5008, 5937, 6771, 18030, 7483
251496, 997.10, 14.11, 1799, 2692, 3639, 4353, 4993, 5350, 6204, 7209, 20740, 8563
251848, 997.30, 14.11, 1888, 2860, 3859, 4645, 5261, 5654, 6584, 7596, 22772, 9357
252197, 997.50, 14.12, 1962, 3003, 4040, 4873, 5493, 5930, 6910, 7955, 25330, 10289
252548, 997.90, 14.12, 2026, 3071, 4123, 5008, 5503, 6043, 6975, 8010, 27355, 11056
252898, 997.70, 14.13, 2036, 3089, 4128, 5069, 5568, 6136, 7060, 8099, 29357, 11929
253249, 998.00, 14.13, 2042, 3130, 4177, 5144, 5652, 6224, 7165, 8215, 31019, 12795
253601, 998.00, 14.14, 2063, 3180, 4245, 5224, 5751, 6310, 7284, 8345, 31854, 13274
253951, 997.90, 14.14, 2078, 3207, 4280, 5258, 5765, 6325, 7284, 8372, 32114, 13402
254300, 998.00, 14.15, 2045, 3163, 4205, 5193, 5641, 6183, 7151, 8178, 32362, 13543
254653, 1000.10, 14.16, 2009, 3115, 4130, 5118, 5541, 6065, 7059, 8016, 32762, 13769
255002, 1001.50, 14.22, 1840, 2903, 3837, 4739, 5161, 5696, 6515, 7549, 27195, 9322
255353, 1003.90, 14.23, 1745, 2788, 3704, 4676, 5125, 5511, 6538, 7269, 30536, 9320
255707, 1002.90, 14.24, 1909, 3055, 4101, 5139, 5704, 6136, 7244, 8131, 31273, 8777
256058, 1005.50, 14.25, 1751, 2811, 3770, 4736, 5176, 5503, 6606, 7284, 30972, 8542
256418, 1011.10, 14.26, 1804, 2917, 3966, 4970, 5223, 5552, 6597, 7314, 29581, 6594
256767, 1022.50, 14.27, 1554, 2550, 3547, 4478, 5106, 5394, 6340, 6955, 26290, 4085
257118, 1035.90, 14.28, 1501, 2537, 3630, 4650, 5261, 5556, 6343, 6938, 22324, 2405
257468, 1049.70, 14.28, 1216, 2100, 3087, 3989, 3858, 3921, 4593, 4768, 19049, 1894
257821, 1063.50, 14.27, 448, 751, 1137, 1517, 1009, 951, 1228, 1109, 7092, 765
258172, 1081.60, 14.24, 190, 298, 492, 667, 1934, 1897, 2214, 2149, 10382, 930
258523, 1097.80, 14.17, 1004, 1830, 2954, 3876, 4553, 4587, 4832, 4898, 13707, 989
258872, 1113.40, 14.14, 831, 1554, 2604, 3503, 4101, 4064, 4283, 4139, 11989, 848
259225, 1127.40, 14.09, 682, 1303, 2171, 2890, 2914, 2817, 2946, 2840, 10559, 811
259573, 1140.60, 14.02, 373, 655, 1082, 1511, 1265, 1279, 1266, 1195, 4625, 352
259937, 1158.10, 13.94, 210, 359, 598, 894, 1302, 1272, 1288, 1170, 4565, 367
260286, 1175.00, 13.87, 576, 1145, 1991, 2715, 3592, 3342, 3303, 2911, 10076, 709
260635, 1190.00, 13.82, 484, 968, 1770, 2487, 2887, 2689, 2575, 2201, 8927, 621
260985, 1203.60, 13.76, 484, 977, 1756, 2443, 2284, 2153, 1956, 1760, 5418, 400
261333, 1217.90, 13.70, 246, 435, 793, 1129, 1037, 1009, 883, 789, 2625, 200
261682, 1233.40, 13.63, 152, 247, 456, 692, 1069, 1008, 922, 760, 2546, 199
262032, 1251.00, 13.56, 340, 698, 1292, 1877, 2929, 2535, 2304, 1848, 7173, 507
262385, 1265.80, 13.51, 367, 779, 1515, 2222, 2592, 2262, 1983, 1522, 6840, 469
262735, 1279.70, 13.47, 329, 685, 1337, 1922, 1551, 1375, 1130, 938, 2648, 191
263086, 1295.30, 13.41, 141, 244, 488, 726, 859, 786, 645, 515, 1303, 99
263435, 1310.30, 13.36, 189, 352, 700, 1062, 1736, 1525, 1233, 933, 3141, 203
263786, 1328.40, 13.31, 224, 494, 981, 1543, 2170, 1850, 1478, 1078, 4643, 303
264138, 1344.10, 13.24, 247, 541, 1122, 1726, 1954, 1646, 1320, 936, 3613, 231
264490, 1358.80, 13.20, 172, 356, 758, 1171, 1238, 1040, 842, 586, 1534, 102
264839, 1373.30, 13.15, 89, 161, 356, 563, 792, 653, 554, 355, 852, 62
265188, 1387.10, 13.10, 179, 371, 811, 1285, 1914, 1578, 1137, 788, 3582, 229
265538, 1403.30, 13.06, 199, 427, 946, 1480, 1913, 1558, 1092, 757, 3937, 262
265887, 1420.70, 13.02, 166, 340, 767, 1225, 1045, 906, 648, 430, 1931, 129
266239, 1435.20, 12.99, 62, 112, 266, 448, 521, 447, 302, 201, 997, 75
266589, 1448.40, 12.95, 104, 204, 471, 787, 1605, 1261, 901, 547, 3144, 209
266944, 1463.10, 12.91, 153, 346, 808, 1343, 1706, 1294, 876, 536, 2497, 161
267293, 1478.40, 12.88, 137, 298, 707, 1204, 1593, 1202, 808, 480, 3084, 211
267644, 1496.50, 12.86, 95, 195, 474, 791, 672, 553, 356, 214, 1984, 155
267996, 1512.20, 12.83, 59, 103, 262, 437, 738, 608, 378, 232, 2170, 161
268345, 1526.80, 12.80, 112, 244, 597, 1027, 1498, 1122, 706, 403, 2646, 173
268696, 1540.90, 12.78, 118, 260, 647, 1130, 1428, 1058, 659, 367, 2608, 175
269045, 1555.40, 12.76, 87, 192, 484, 869, 1036, 742, 465, 243, 2332, 167
269399, 1573.80, 12.74, 64, 134, 347, 626, 890, 670, 412, 224, 2388, 177
269748, 1588.30, 12.72, 59, 116, 303, 529, 678, 507, 288, 162, 1933, 147
270099, 1603.30, 12.70, 75, 157, 412, 724, 1191, 876, 476, 266, 2337, 157
270449, 1618.60, 12.67, 89, 186, 498, 885, 1159, 843, 442, 244, 1663, 107
270798, 1632.60, 12.66, 76, 152, 418, 757, 929, 694, 357, 195, 1631, 109
271151, 1648.60, 12.64, 44, 81, 217, 420, 593, 448, 247, 126, 1361, 103
271499, 1665.70, 12.62, 53, 109, 299, 551, 877, 598, 316, 162, 1769, 127
271852, 1681.20, 12.61, 64, 135, 383, 691, 980, 674, 338, 174, 1628, 109
272201, 1695.80, 12.59, 58, 119, 341, 630, 835, 576, 275, 143, 1165, 76
272550, 1709.40, 12.57, 49, 92, 265, 496, 580, 434, 206, 108, 937, 67
272901, 1724.60, 12.56, 24, 39, 113, 232, 325, 249, 117, 56, 555, 41
273251, 1742.70, 12.53, 33, 62, 180, 356, 709, 482, 235, 113, 1106, 78
273602, 1759.10, 12.52, 51, 105, 314, 603, 809, 535, 250, 116, 1184, 79
273951, 1774.40, 12.50, 44, 88, 271, 532, 766, 503, 234, 110, 1009, 67
274306, 1789.10, 12.48, 35, 62, 191, 379, 434, 308, 142, 66, 438, 31
274655, 1804.70, 12.43, 21, 35, 112, 228, 351, 235, 102, 47, 317, 22
275005, 1822.40, 12.42, 32, 59, 187, 370, 660, 443, 184, 88, 894, 56
275356, 1839.70, 12.40, 32, 62, 197, 402, 541, 346, 137, 65, 956, 65
275705, 1855.80, 12.38, 29, 52, 172, 340, 445, 313, 126, 59, 658, 44
276055, 1864.80, 12.36, 26, 47, 154, 322, 515, 340, 143, 62, 730, 48
276404, 1869.00, 12.35, 31, 56, 181, 371, 551, 369, 151, 68, 950, 66
276758, 1874.80, 12.34, 31, 56, 183, 374, 580, 379, 156, 70, 1016, 70
277109, 1879.00, 12.33, 31, 58, 191, 392, 578, 375, 155, 68, 1019, 70
277458, 1877.20, 12.33, 31, 59, 194, 399, 601, 389, 161, 71, 1050, 71
277809, 1873.40, 12.32, 32, 60, 195, 400, 590, 386, 159, 71, 1076, 74
278158, 1864.60, 12.31, 34, 66, 213, 437, 651, 423, 174, 78, 1111, 74
278508, 1859.00, 12.29, 35, 67, 213, 433, 648, 425, 175, 79, 1144, 77
278859, 1851.80, 12.29, 37, 70, 224, 453, 667, 440, 182, 83, 1169, 79
279211, 1846.40, 12.28, 36, 70, 219, 445, 647, 431, 180, 83, 1187, 82
279560, 1838.90, 12.27, 37, 71, 221, 446, 661, 442, 185, 86, 1202, 83
279909, 1830.60, 12.27, 38, 74, 230, 461, 696, 466, 195, 92, 1209, 83
280260, 1822.80, 12.27, 40, 76, 235, 468, 688, 464, 196, 93, 1230, 85
280610, 1813.70, 12.26, 41, 80, 246, 487, 723, 488, 205, 99, 1231, 84
280959, 1807.20, 12.26, 43, 82, 252, 497, 737, 497, 211, 102, 1249, 85
281310, 1797.30, 12.25, 44, 85, 259, 506, 741, 502, 215, 105, 1265, 87
281661, 1791.00, 12.25, 44, 86, 260, 506, 752, 511, 222, 109, 1267, 87
282010, 1781.70, 12.25, 45, 88, 266, 516, 755, 514, 226, 111, 1289, 89
282363, 1774.10, 12.24, 47, 90, 271, 523, 772, 530, 232, 116, 1270, 87
282713, 1766.40, 12.24, 48, 93, 276, 530, 775, 534, 237, 119, 1294, 89
283062, 1755.70, 12.23, 49, 95, 282, 541, 788, 545, 245, 124, 1312, 91
283412, 1749.80, 12.23, 49, 94, 278, 531, 803, 556, 252, 128, 1333, 92
283762, 1740.30, 12.23, 51, 100, 292, 554, 801, 559, 257, 131, 1351, 94
284115, 1731.60, 12.23, 52, 103, 298, 562, 825, 575, 267, 137, 1374, 96
284465, 1724.10, 12.22, 53, 105, 304, 570, 827, 575, 273, 140, 1404, 99
284814, 1716.10, 12.22, 55, 108, 311, 581, 851, 596, 283, 147, 1399, 98
285165, 1709.10, 12.22, 56, 111, 318, 592, 875, 610, 295, 152, 1449, 101
285516, 1698.90, 12.21, 58, 115, 328, 608, 889, 623, 304, 159, 1456, 102
285867, 1691.40, 12.21, 60, 120, 338, 623, 906, 640, 314, 166, 1462, 102
286219, 1681.10, 12.21, 62, 123, 346, 635, 921, 653, 325, 173, 1489, 104
286570, 1674.10, 12.21, 64, 128, 356, 651, 939, 666, 335, 179, 1518, 106
286919, 1664.50, 12.21, 65, 131, 362, 658, 948, 675, 346, 185, 1539, 108
287269, 1656.60, 12.21, 67, 136, 373, 674, 965, 689, 357, 192, 1556, 110
287620, 1647.30, 12.21, 69, 140, 381, 687, 988, 705, 372, 201, 1591, 112
287969, 1637.30, 12.21, 71, 144, 389, 698, 1000, 719, 383, 209, 1584, 112
288320, 1627.40, 12.21, 73, 150, 403, 719, 1027, 741, 401, 220, 1619, 114
288669, 1617.00, 12.21, 75, 154, 410, 728, 1034, 751, 412, 229, 1614, 114
289023, 1612.00, 12.21, 73, 147, 388, 690, 1058, 768, 425, 237, 1630, 115
289372, 1604.00, 12.21, 78, 161, 423, 746, 1056, 771, 433, 242, 1624, 115
289724, 1592.70, 12.22, 81, 167, 436, 767, 1089, 796, 455, 256, 1676, 119
290074, 1583.10, 12.22, 84, 175, 453, 793, 1120, 822, 477, 269, 1723, 122
290423, 1571.30, 12.22, 88, 183, 468, 815, 1137, 839, 496, 282, 1748, 124
290776, 1561.80, 12.22, 90, 186, 473, 819, 1149, 853, 510, 294, 1769, 126
291127, 1550.60, 12.22, 93, 193, 485, 835, 1166, 873, 529, 309, 1800, 129
291480, 1538.80, 12.23, 96, 200, 497, 852, 1182, 889, 549, 323, 1810, 130
291831, 1529.00, 12.23, 99, 207, 510, 868, 1222, 922, 579, 343, 1848, 132
292188, 1515.10, 12.23, 103, 217, 529, 898, 1255, 950, 610, 364, 1883, 134
292540, 1505.70, 12.23, 109, 231, 557, 941, 1282, 977, 635, 383, 1918, 137
292888, 1494.20, 12.24, 112, 235, 560, 941, 1315, 1008, 667, 406, 1995, 142
293238, 1481.80, 12.24, 116, 245, 579, 966, 1282, 995, 664, 413, 1905, 138
293598, 1471.70, 12.25, 121, 256, 598, 994, 1368, 1060, 724, 450, 2069, 147
293950, 1457.80, 12.25, 123, 256, 592, 976, 1328, 1044, 721, 460, 1942, 140
294299, 1447.00, 12.25, 132, 279, 638, 1048, 1388, 1094, 771, 494, 2024, 145
294648, 1434.10, 12.25, 137, 289, 655, 1070, 1437, 1140, 821, 529, 2059, 146
295001, 1421.60, 12.26, 143, 301, 673, 1098, 1485, 1184, 870, 562, 2095, 146
295350, 1410.70, 12.26, 149, 313, 693, 1125, 1487, 1193, 893, 584, 2020, 141
295699, 1396.00, 12.26, 152, 318, 697, 1125, 1486, 1203, 917, 609, 1944, 136
296052, 1386.00, 12.26, 163, 343, 743, 1190, 1528, 1246, 963, 647, 1987, 138
296401, 1373.00, 12.27, 155, 317, 681, 1084, 1452, 1199, 944, 650, 1758, 124
296752, 1358.40, 12.27, 178, 370, 784, 1239, 1637, 1358, 1084, 749, 2137, 145
297101, 1346.70, 12.27, 197, 413, 862, 1354, 1726, 1439, 1170, 816, 2327, 156
297453, 1332.20, 12.28, 195, 402, 831, 1294, 1744, 1466, 1215, 860, 2308, 155
297802, 1318.70, 12.28, 206, 425, 869, 1343, 1669, 1416, 1199, 866, 2037, 139
298152, 1305.70, 12.29, 215, 438, 884, 1355, 1749, 1495, 1287, 945, 2181, 148
298514, 1291.70, 12.30, 228, 462, 920, 1397, 1817, 1565, 1367, 1023, 2329, 158
298863, 1279.70, 12.30, 243, 491, 964, 1450, 1942, 1685, 1490, 1135, 2640, 178
299212, 1264.20, 12.30, 274, 561, 1083, 1615, 2025, 1768, 1590, 1239, 2851, 194
299562, 1252.20, 12.32, 283, 574, 1093, 1611, 1997, 1751, 1598, 1280, 2812, 197
299914, 1237.50, 12.34, 298, 596, 1120, 1626, 2098, 1853, 1716, 1410, 3190, 227
300265, 1219.70, 12.35, 304, 590, 1100, 1568, 1998, 1794, 1672, 1423, 2993, 219
300617, 1208.00, 12.37, 325, 626, 1147, 1627, 2136, 1939, 1835, 1589, 3271, 235
300967, 1194.10, 12.39, 357, 694, 1250, 1766, 2280, 2087, 2014, 1772, 3533, 250
301316, 1179.80, 12.40, 394, 772, 1363, 1922, 2625, 2427, 2387, 2111, 4537, 307
301666, 1164.70, 12.42, 456, 904, 1571, 2203, 2735, 2547, 2555, 2311, 4971, 340
302017, 1147.60, 12.45, 473, 905, 1558, 2131, 2664, 2508, 2525, 2391, 4877, 346
302366, 1131.60, 12.50, 542, 1024, 1728, 2333, 2833, 2704, 2753, 2690, 5646, 407
302716, 1114.90, 12.52, 628, 1187, 1970, 2635, 3242, 3118, 3265, 3238, 7036, 510
303068, 1101.00, 12.55, 703, 1329, 2177, 2874, 3625, 3510, 3751, 3771, 8725, 646
303417, 1088.10, 12.58, 781, 1464, 2361, 3062, 3787, 3715, 3955, 4139, 10130, 780
303768, 1076.80, 12.61, 867, 1591, 2538, 3207, 4040, 4014, 4242, 4604, 12213, 956
304117, 1063.40, 12.64, 1002, 1790, 2806, 3522, 4353, 4486, 4717, 5220, 14741, 1148
304468, 1051.20, 12.68, 1150, 2020, 3090, 3956, 4730, 4982, 5367, 5864, 16754, 1341
304819, 1037.20, 12.73, 1276, 2222, 3305, 4260, 4921, 5221, 5869, 6366, 21083, 1992
305172, 1020.00, 12.80, 1376, 2397, 3454, 4445, 4718, 5016, 5870, 6477, 24186, 3160
305524, 1006.40, 12.85, 1521, 2579, 3582, 4546, 5183, 5494, 6645, 7309, 26487, 5138
305873, 997.90, 12.92, 1715, 2719, 3747, 4662, 4818, 5393, 6418, 7068, 27314, 9508
306223, 997.30, 12.99, 1571, 2439, 3344, 4140, 4514, 4903, 5961, 6534, 18539, 6794
306575, 997.20, 13.05, 1570, 2410, 3298, 4017, 4663, 4993, 6061, 6821, 14597, 5319
306924, 996.80, 13.11, 1739, 2656, 3563, 4403, 4792, 5147, 6225, 6864, 14352, 5368
307278, 997.00, 13.17, 1819, 2789, 3716, 4533, 5776, 6088, 7260, 8387, 23888, 9605
307629, 997.50, 13.23, 2181, 3375, 4531, 5405, 6295, 6993, 7912, 9326, 34600, 13653
307978, 996.70, 13.29, 2002, 3172, 4213, 5298, 4227, 4633, 5680, 6207, 23524, 9729
308328, 996.90, 13.32, 1462, 2103, 2844, 3583, 3849, 4071, 5184, 5559, 14373, 5942
308677, 996.20, 13.34, 1534, 2332, 3097, 3747, 3964, 4186, 4962, 5661, 19947, 8521
309028, 997.50, 13.37, 1396, 1995, 2695, 3356, 3578, 3840, 4730, 5188, 16499, 6657
309382, 997.60, 13.39, 1273, 1882, 2528, 3085, 3515, 3755, 4636, 5225, 16749, 6790
309731, 997.30, 13.44, 1239, 1805, 2509, 2834, 3530, 3837, 4467, 5203, 17874, 7090
310081, 997.80, 13.47, 1345, 2029, 2718, 3350, 3483, 3939, 4667, 5208, 15189, 6022
310432, 997.50, 13.48, 1670, 2445, 3378, 4054, 4136, 4607, 5461, 6165, 24508, 10325
310782, 997.20, 13.50, 2263, 3657, 4822, 6112, 5554, 5884, 7371, 7895, 27296, 11006
311133, 998.00, 13.50, 1570, 2411, 3225, 4036, 6481, 7099, 8452, 9372, 28576, 10698
311486, 998.10, 13.51, 2309, 3640, 4926, 6039, 6597, 7086, 8471, 9420, 29585, 11370
311837, 998.30, 13.54, 2266, 3573, 4838, 5950, 6388, 6909, 8173, 9213, 29039, 11340
312186, 997.80, 13.55, 1814, 2897, 3860, 4647, 4152, 4463, 5074, 6009, 11868, 4969
312539, 998.10, 13.57, 1208, 1680, 2318, 2732, 2823, 3012, 3461, 4183, 6977, 3213
312888, 998.10, 13.57, 1423, 2125, 2913, 3443, 3678, 3887, 4663, 5158, 11557, 4290
313239, 998.70, 13.60, 1039, 1468, 1998, 2439, 1647, 1777, 2063, 2312, 5400, 2244
313593, 998.60, 13.60, 472, 632, 871, 1033, 1097, 1170, 1392, 1564, 3830, 1593
313945, 997.50, 13.57, 504, 716, 973, 1170, 1483, 1567, 1868, 2090, 4645, 1802
314294, 997.80, 13.57, 943, 1353, 1868, 2226, 2464, 2668, 3076, 3473, 7778, 3018
314646, 998.00, 13.57, 1074, 1522, 2094, 2486, 3435, 3712, 4262, 4927, 11387, 4307
314997, 998.00, 13.57, 807, 1101, 1533, 1806, 2724, 2922, 3445, 3907, 7984, 3159
315346, 998.10, 13.60, 660, 899, 1230, 1485, 960, 1086, 1253, 1486, 3315, 1679
315700, 998.40, 13.60, 654, 831, 1154, 1374, 1452, 1534, 1940, 2287, 4844, 2015
316050, 998.70, 13.61, 490, 625, 846, 1005, 756, 946, 1058, 1233, 3519, 1358
316400, 998.30, 13.59, 501, 636, 858, 1099, 1633, 1967, 2142, 2539, 5969, 2285
