Secchi Depth (cm) = 0520
Forel Ule Scale = 12
pH Colour Scale = 99
SensingSecchi S/N = A005
Latitude (degs N) = 56.531017
Longitude (degs E) = -5.435517
Date = 2405161003
Millisecond since start, Pressure (mbar) MS5803, Temp (deg C) MS5803, 415nm, 445nm, 480nm, 515nm, 555nm, 590nm, 630nm, 680nm, Clear, NIR
108981, 998.60, 14.15, 1237, 1908, 2560, 3055, 3389, 3617, 4244, 4933, 16906, 6797
109328, 998.30, 14.16, 1177, 1773, 2391, 2865, 3066, 3330, 3901, 4460, 14810, 5738
109675, 998.40, 14.17, 949, 1411, 1880, 2292, 2206, 2424, 2779, 3346, 8610, 3428
110034, 998.50, 14.21, 843, 1260, 1672, 1981, 2439, 2677, 3049, 3669, 10047, 3992
110383, 998.70, 14.21, 1035, 1555, 2091, 2524, 2806, 3080, 3552, 4118, 13299, 5137
110733, 998.60, 14.22, 1029, 1532, 2063, 2491, 2840, 3139, 3580, 4188, 13794, 5291
111080, 998.80, 14.23, 1128, 1689, 2277, 2725, 2838, 3100, 3587, 4229, 15005, 5946
111428, 998.50, 14.23, 991, 1500, 2004, 2406, 3032, 3284, 3931, 4450, 15718, 6567
111775, 998.40, 14.23, 1060, 1587, 2105, 2596, 2878, 3076, 3726, 4172, 14218, 5935
112124, 998.20, 14.25, 1121, 1677, 2237, 2748, 2913, 3120, 3780, 4250, 16244, 6967
112471, 998.70, 14.26, 1046, 1587, 2100, 2594, 2767, 2961, 3530, 4067, 14649, 6144
112818, 999.30, 14.28, 997, 1490, 1984, 2405, 2596, 2787, 3305, 3816, 15593, 6571
113165, 999.00, 14.28, 869, 1304, 1721, 2144, 2123, 2312, 2816, 3164, 14794, 6393
113528, 999.00, 14.29, 775, 1176, 1546, 1922, 2300, 2495, 2971, 3393, 15537, 6410
113876, 999.20, 14.30, 898, 1349, 1793, 2180, 2211, 2351, 2908, 3293, 14561, 6319
114226, 998.80, 14.29, 806, 1196, 1573, 1933, 2270, 2420, 2858, 3352, 12797, 5397
114575, 998.50, 14.31, 818, 1202, 1626, 1950, 1774, 2008, 2432, 2738, 8059, 3335
114923, 998.50, 14.32, 643, 922, 1255, 1512, 1748, 1933, 2361, 2669, 6512, 3140
115272, 998.60, 14.32, 728, 1043, 1399, 1744, 1977, 2235, 2645, 2984, 7792, 3283
115622, 998.60, 14.33, 630, 861, 1177, 1459, 1454, 1658, 2021, 2281, 6655, 2903
115972, 998.50, 14.34, 695, 970, 1284, 1680, 1604, 1747, 2130, 2420, 6402, 2934
116321, 998.40, 14.34, 681, 896, 1230, 1545, 1860, 2145, 2551, 2850, 8221, 3469
116670, 998.20, 14.33, 787, 1101, 1484, 1828, 2488, 2753, 3283, 3709, 10108, 4219
117017, 998.20, 14.34, 923, 1330, 1779, 2242, 2501, 2735, 3293, 3707, 9030, 3789
117365, 998.20, 14.34, 991, 1480, 1959, 2468, 2795, 3031, 3660, 4084, 10307, 4267
117714, 998.20, 14.35, 985, 1472, 1950, 2437, 2841, 3036, 3636, 4137, 10389, 4266
118062, 998.20, 14.35, 1049, 1588, 2106, 2601, 2843, 3091, 3701, 4145, 10529, 4254
118411, 998.30, 14.36, 1095, 1630, 2209, 2711, 2806, 3038, 3662, 4122, 10128, 4183
118764, 998.30, 14.37, 1111, 1669, 2255, 2748, 3004, 3236, 3878, 4380, 11863, 4798
119112, 998.00, 14.37, 1071, 1629, 2192, 2691, 2981, 3224, 3863, 4357, 12364, 4908
119459, 998.30, 14.38, 1104, 1688, 2281, 2776, 3023, 3273, 3887, 4406, 13455, 5360
119806, 998.30, 14.39, 1093, 1668, 2270, 2734, 2987, 3246, 3851, 4372, 14271, 5734
120155, 998.40, 14.40, 1099, 1680, 2295, 2752, 2988, 3237, 3843, 4354, 15508, 6322
120503, 998.40, 14.40, 1097, 1683, 2300, 2763, 3062, 3280, 3951, 4416, 16904, 6951
120855, 999.10, 14.41, 1119, 1735, 2356, 2859, 3181, 3382, 4121, 4547, 18312, 7549
121202, 999.70, 14.41, 1061, 1680, 2257, 2786, 3077, 3262, 3992, 4375, 18674, 6798
121550, 998.60, 14.38, 1147, 1819, 2424, 2999, 3377, 3603, 4403, 4831, 19473, 7513
121897, 1000.00, 14.35, 1162, 1830, 2436, 3035, 3323, 3568, 4338, 4735, 19972, 7784
122245, 1003.00, 14.32, 1119, 1833, 2384, 3041, 3063, 3306, 3952, 4364, 17745, 5401
122594, 1002.30, 14.29, 1092, 1728, 2322, 2894, 3336, 3588, 4285, 4706, 18408, 5078
122944, 999.40, 14.26, 1231, 1915, 2550, 3184, 3432, 3750, 4401, 4926, 19476, 7311
123291, 998.70, 14.24, 1295, 1982, 2638, 3257, 3463, 3814, 4410, 5003, 19044, 7306
123638, 999.50, 14.22, 1271, 1936, 2589, 3164, 3454, 3806, 4364, 5016, 17867, 6614
123986, 999.90, 14.21, 1235, 1898, 2533, 3096, 3259, 3557, 4126, 4700, 17231, 5966
124335, 999.80, 14.16, 1162, 1776, 2380, 2903, 3059, 3299, 3880, 4376, 17500, 6703
124682, 999.60, 14.15, 1183, 1805, 2417, 2925, 3200, 3449, 4017, 4582, 17410, 6678
125035, 998.60, 14.13, 1147, 1743, 2345, 2817, 3271, 3514, 4082, 4691, 17263, 6608
125385, 999.60, 14.12, 1179, 1799, 2424, 2885, 3141, 3378, 3887, 4536, 15735, 5889
125733, 999.30, 14.11, 1149, 1760, 2370, 2827, 3224, 3416, 3974, 4591, 16140, 5974
126082, 999.40, 14.09, 1156, 1779, 2393, 2832, 3061, 3241, 3777, 4362, 14730, 5646
126429, 999.90, 14.10, 1120, 1745, 2333, 2790, 3187, 3331, 3937, 4536, 14511, 5463
126776, 999.40, 14.09, 1079, 1699, 2265, 2727, 3024, 3169, 3763, 4287, 13360, 4922
127128, 999.20, 14.09, 1064, 1648, 2207, 2671, 3078, 3218, 3848, 4341, 12779, 4742
127475, 998.90, 14.07, 1094, 1701, 2272, 2767, 3120, 3261, 3942, 4392, 12228, 4564
127825, 998.30, 14.07, 1132, 1764, 2339, 2875, 3189, 3368, 4082, 4535, 12199, 4465
128171, 998.40, 14.07, 1121, 1715, 2286, 2806, 3076, 3267, 3938, 4371, 11321, 4125
128518, 999.40, 14.08, 1117, 1703, 2274, 2783, 3091, 3278, 3953, 4391, 11649, 4280
128866, 1001.80, 14.08, 995, 1514, 2048, 2496, 2795, 2969, 3525, 3959, 10624, 2961
129218, 1000.70, 14.07, 1098, 1719, 2317, 2820, 2953, 3121, 3713, 4186, 12613, 3786
129565, 999.40, 14.06, 1053, 1612, 2180, 2616, 2991, 3192, 3719, 4260, 14320, 5053
129913, 999.60, 14.05, 1153, 1762, 2375, 2823, 3261, 3485, 4059, 4668, 16624, 6316
130262, 1002.70, 14.06, 1159, 1788, 2396, 2880, 2916, 3208, 3617, 4278, 14582, 4532
130611, 1004.50, 14.05, 1104, 1734, 2334, 2875, 3134, 3370, 3967, 4434, 17100, 4486
130961, 1001.20, 14.05, 1180, 1852, 2487, 3078, 3371, 3664, 4290, 4833, 17934, 5192
131310, 999.30, 14.04, 1223, 1890, 2522, 3125, 3414, 3728, 4399, 4911, 19480, 7478
131660, 1001.30, 14.04, 1127, 1748, 2332, 2881, 3419, 3736, 4380, 4932, 19119, 6776
132007, 1003.60, 14.04, 1071, 1684, 2248, 2791, 3084, 3320, 3980, 4399, 18404, 5430
132354, 1000.40, 14.04, 1108, 1724, 2308, 2858, 3082, 3346, 4004, 4450, 19223, 7069
132702, 1010.40, 14.03, 1020, 1618, 2164, 2700, 2810, 3002, 3572, 3951, 16099, 3660
133050, 1020.30, 14.04, 953, 1537, 2123, 2645, 2710, 2858, 3373, 3694, 14869, 2384
133400, 1027.90, 14.03, 936, 1533, 2149, 2690, 3009, 3187, 3682, 4018, 13870, 1723
133749, 1033.00, 14.03, 863, 1422, 2023, 2546, 2817, 2977, 3408, 3709, 13264, 1499
134097, 1037.30, 14.02, 865, 1432, 2053, 2590, 2837, 2995, 3387, 3687, 12696, 1323
134445, 1040.80, 14.02, 836, 1392, 2006, 2529, 2825, 2981, 3332, 3639, 12195, 1201
134793, 1045.60, 14.01, 814, 1358, 1977, 2489, 2713, 2839, 3160, 3422, 11691, 1097
135141, 1049.20, 14.00, 802, 1338, 1963, 2464, 2739, 2867, 3150, 3424, 11222, 1003
135491, 1052.40, 14.00, 770, 1288, 1902, 2373, 2712, 2824, 3086, 3372, 10840, 944
135840, 1056.40, 14.00, 764, 1284, 1909, 2366, 2631, 2710, 2957, 3223, 10367, 886
136188, 1061.50, 14.00, 730, 1236, 1856, 2291, 2554, 2601, 2835, 3063, 9776, 813
136537, 1067.60, 14.00, 689, 1177, 1787, 2203, 2517, 2537, 2753, 2954, 9341, 757
136884, 1072.30, 13.99, 657, 1130, 1726, 2128, 2475, 2475, 2671, 2857, 8938, 715
137232, 1077.80, 13.98, 643, 1114, 1714, 2107, 2448, 2428, 2614, 2776, 8500, 669
137580, 1082.10, 13.98, 616, 1076, 1664, 2056, 2397, 2363, 2531, 2660, 7984, 617
137924, 1089.00, 13.97, 587, 1031, 1606, 1996, 2311, 2263, 2415, 2498, 7334, 559
138271, 1094.40, 13.97, 555, 985, 1541, 1932, 2256, 2194, 2344, 2385, 6844, 514
138621, 1097.00, 13.96, 539, 959, 1504, 1900, 2205, 2144, 2294, 2307, 6349, 469
138970, 1099.60, 13.96, 520, 927, 1457, 1854, 2128, 2068, 2215, 2202, 5766, 419
139317, 1103.90, 13.94, 495, 879, 1390, 1781, 2092, 2029, 2171, 2136, 5283, 375
139664, 1109.20, 13.93, 481, 861, 1367, 1761, 2051, 1977, 2112, 2055, 4772, 331
140016, 1113.40, 13.92, 464, 834, 1327, 1724, 1992, 1912, 2043, 1971, 4248, 288
140363, 1116.30, 13.90, 446, 800, 1278, 1667, 1925, 1845, 1967, 1889, 3718, 249
140710, 1120.20, 13.88, 431, 771, 1241, 1617, 1897, 1812, 1927, 1837, 3423, 225
141057, 1124.80, 13.86, 408, 726, 1184, 1536, 1803, 1713, 1821, 1715, 2980, 195
141406, 1129.40, 13.84, 395, 704, 1163, 1509, 1783, 1694, 1791, 1670, 2899, 186
141755, 1135.10, 13.84, 385, 690, 1147, 1496, 1735, 1650, 1732, 1609, 2766, 177
142105, 1141.90, 13.82, 379, 688, 1150, 1507, 1738, 1654, 1711, 1581, 2869, 183
142451, 1153.20, 13.82, 356, 651, 1100, 1449, 1698, 1607, 1638, 1493, 2869, 183
142800, 1161.70, 13.81, 312, 573, 981, 1303, 1502, 1414, 1431, 1285, 2400, 156
143156, 1161.60, 13.78, 333, 620, 1058, 1410, 1530, 1443, 1461, 1308, 2638, 171
143505, 1158.80, 13.76, 314, 577, 988, 1315, 1571, 1485, 1508, 1359, 2790, 181
143852, 1163.10, 13.73, 337, 625, 1068, 1419, 1719, 1621, 1625, 1456, 3355, 216
144211, 1175.40, 13.70, 371, 700, 1198, 1596, 1851, 1737, 1682, 1496, 3997, 253
144558, 1189.70, 13.67, 314, 593, 1032, 1384, 1527, 1413, 1381, 1196, 2562, 163
144905, 1202.10, 13.64, 330, 632, 1107, 1496, 1850, 1709, 1595, 1372, 3761, 233
145252, 1211.00, 13.61, 351, 687, 1199, 1644, 1882, 1739, 1581, 1355, 3991, 245
145598, 1221.10, 13.57, 336, 668, 1169, 1620, 1864, 1711, 1536, 1297, 3931, 240
145945, 1233.60, 13.54, 292, 575, 1027, 1415, 1513, 1345, 1233, 1008, 2280, 139
146293, 1245.10, 13.50, 216, 412, 757, 1035, 886, 774, 727, 590, 752, 54
146661, 1257.70, 13.45, 108, 192, 362, 497, 901, 780, 720, 576, 782, 55
147009, 1270.60, 13.40, 217, 428, 793, 1100, 1432, 1233, 1092, 845, 2162, 131
147358, 1281.20, 13.35, 244, 503, 927, 1308, 1619, 1397, 1194, 917, 2961, 178
147705, 1293.10, 13.32, 250, 536, 984, 1430, 1658, 1425, 1188, 898, 3580, 223
148052, 1304.70, 13.26, 224, 467, 878, 1256, 1240, 1049, 877, 663, 1703, 106
148400, 1317.90, 13.22, 99, 178, 352, 493, 561, 482, 394, 310, 438, 32
148748, 1331.60, 13.18, 115, 223, 438, 627, 950, 783, 647, 472, 1039, 68
149098, 1342.70, 13.14, 192, 415, 806, 1170, 1474, 1208, 961, 680, 2822, 174
149447, 1354.70, 13.11, 194, 434, 838, 1244, 1480, 1200, 939, 655, 3168, 200
149797, 1365.40, 13.07, 172, 367, 726, 1063, 910, 747, 577, 413, 1076, 70
150144, 1377.40, 13.03, 59, 93, 200, 282, 342, 297, 212, 159, 330, 25
150492, 1389.80, 13.00, 88, 165, 341, 502, 801, 656, 487, 344, 873, 57
150840, 1403.90, 12.95, 146, 312, 636, 944, 1279, 1009, 740, 492, 2232, 136
151192, 1416.50, 12.92, 152, 345, 703, 1072, 1218, 961, 670, 439, 2833, 183
151539, 1429.20, 12.88, 140, 317, 657, 1009, 1188, 921, 655, 418, 2032, 123
151887, 1442.70, 12.84, 103, 219, 465, 706, 746, 582, 420, 270, 733, 49
152236, 1455.30, 12.81, 72, 140, 305, 468, 485, 388, 261, 175, 388, 29
152583, 1468.30, 12.77, 80, 160, 355, 543, 934, 718, 468, 297, 1263, 76
152930, 1482.70, 12.73, 116, 260, 561, 882, 1067, 822, 525, 326, 1790, 106
153278, 1496.00, 12.70, 100, 223, 491, 776, 900, 680, 428, 256, 1555, 95
153628, 1507.80, 12.66, 87, 190, 426, 680, 758, 579, 373, 220, 1030, 63
153977, 1520.30, 12.63, 69, 143, 328, 529, 647, 494, 319, 186, 763, 49
154325, 1533.00, 12.59, 65, 138, 328, 524, 715, 510, 309, 178, 802, 50
154674, 1547.00, 12.54, 84, 184, 435, 690, 929, 678, 385, 230, 1506, 93
155023, 1562.40, 12.51, 86, 187, 439, 700, 763, 573, 324, 189, 1353, 85
155373, 1575.60, 12.44, 54, 113, 277, 456, 517, 393, 212, 120, 1022, 66
155721, 1589.20, 12.40, 49, 98, 239, 404, 536, 407, 238, 129, 1034, 68
156071, 1602.00, 12.37, 59, 131, 318, 530, 740, 515, 297, 156, 1209, 77
156419, 1614.30, 12.33, 69, 160, 395, 654, 876, 592, 327, 177, 1475, 96
156767, 1629.20, 12.30, 68, 155, 382, 628, 716, 498, 272, 144, 1493, 101
157113, 1643.50, 12.27, 38, 73, 191, 323, 396, 300, 151, 82, 956, 70
157460, 1657.70, 12.23, 38, 75, 195, 333, 465, 343, 179, 94, 1097, 76
157807, 1669.80, 12.20, 46, 101, 259, 447, 707, 479, 250, 125, 1262, 81
158155, 1681.70, 12.18, 58, 136, 346, 599, 755, 497, 256, 128, 1269, 82
158505, 1695.10, 12.15, 54, 124, 320, 557, 699, 459, 235, 115, 1304, 86
158852, 1709.40, 12.13, 49, 111, 288, 502, 638, 426, 216, 105, 1327, 88
159200, 1722.00, 12.12, 34, 69, 185, 324, 323, 227, 109, 55, 874, 65
159549, 1734.10, 12.10, 26, 50, 140, 245, 477, 324, 154, 76, 1133, 79
159896, 1746.70, 12.08, 49, 106, 284, 499, 642, 428, 193, 97, 907, 57
160244, 1759.80, 12.06, 45, 96, 265, 468, 610, 403, 178, 89, 836, 52
160593, 1772.30, 12.04, 43, 91, 251, 442, 560, 377, 167, 83, 984, 65
160941, 1783.80, 12.02, 33, 68, 187, 335, 427, 292, 131, 63, 878, 62
161291, 1796.60, 12.00, 32, 65, 182, 326, 453, 306, 134, 65, 852, 59
161638, 1809.60, 11.98, 37, 78, 220, 386, 560, 357, 153, 74, 914, 60
161986, 1821.10, 11.97, 37, 81, 230, 411, 556, 346, 148, 69, 881, 57
162335, 1831.90, 11.95, 35, 77, 220, 397, 543, 336, 144, 67, 856, 57
162682, 1842.10, 11.94, 33, 68, 198, 355, 408, 272, 111, 54, 587, 40
163030, 1853.70, 11.92, 21, 39, 118, 222, 298, 201, 78, 37, 419, 28
163378, 1866.60, 11.91, 25, 49, 144, 267, 405, 263, 108, 50, 534, 37
163730, 1868.00, 11.89, 29, 60, 177, 324, 451, 284, 118, 54, 602, 40
164078, 1869.10, 11.89, 28, 56, 167, 307, 430, 274, 113, 52, 549, 37
164427, 1871.20, 11.88, 28, 57, 169, 310, 444, 280, 116, 53, 570, 38
164776, 1872.00, 11.87, 28, 57, 170, 312, 448, 282, 117, 53, 574, 38
165124, 1872.00, 11.86, 28, 58, 172, 317, 451, 283, 117, 53, 580, 39
165474, 1866.30, 11.86, 28, 59, 174, 321, 449, 283, 118, 53, 574, 38
165823, 1863.30, 11.85, 29, 59, 174, 318, 460, 289, 121, 55, 593, 39
166174, 1859.80, 11.84, 29, 61, 181, 330, 463, 292, 123, 56, 601, 40
166523, 1856.30, 11.84, 30, 61, 180, 329, 469, 296, 125, 57, 615, 41
166872, 1854.30, 11.84, 30, 63, 186, 337, 479, 301, 127, 58, 637, 42
167220, 1851.90, 11.84, 31, 65, 190, 344, 484, 304, 129, 59, 655, 43
167568, 1848.60, 11.84, 31, 66, 191, 346, 490, 308, 131, 60, 678, 45
167916, 1846.20, 11.84, 32, 67, 194, 350, 492, 309, 131, 61, 694, 46
168263, 1842.60, 11.84, 32, 67, 195, 352, 495, 312, 132, 61, 721, 48
168612, 1837.60, 11.84, 32, 69, 199, 358, 502, 317, 134, 63, 752, 50
168961, 1830.80, 11.83, 33, 71, 205, 365, 511, 325, 137, 65, 789, 53
169309, 1827.70, 11.81, 34, 73, 209, 371, 514, 328, 138, 66, 818, 55
169658, 1825.50, 11.80, 34, 73, 209, 371, 514, 330, 138, 67, 844, 56
170005, 1821.20, 11.80, 35, 74, 211, 373, 516, 333, 140, 67, 884, 59
170353, 1819.10, 11.80, 36, 76, 215, 383, 529, 343, 143, 70, 908, 60
170701, 1816.00, 11.80, 36, 77, 216, 386, 530, 344, 144, 70, 937, 62
171049, 1811.20, 11.80, 36, 77, 219, 389, 531, 346, 146, 71, 966, 64
171400, 1807.70, 11.78, 37, 79, 221, 397, 539, 352, 149, 72, 990, 65
171749, 1802.90, 11.77, 37, 79, 223, 398, 539, 352, 151, 72, 1013, 67
172096, 1796.50, 11.76, 37, 81, 226, 403, 540, 353, 154, 73, 1035, 68
172443, 1793.10, 11.75, 38, 82, 228, 409, 552, 360, 159, 75, 1048, 68
172791, 1790.00, 11.75, 37, 81, 224, 401, 538, 352, 157, 74, 1059, 70
173138, 1784.50, 11.75, 38, 82, 227, 407, 545, 357, 160, 76, 1076, 71
173485, 1782.40, 11.75, 39, 85, 235, 420, 553, 362, 163, 77, 1086, 71
173835, 1778.80, 11.75, 38, 84, 231, 412, 559, 367, 166, 79, 1096, 72
174183, 1773.50, 11.76, 38, 84, 230, 410, 556, 367, 167, 79, 1111, 73
174530, 1770.80, 11.77, 40, 87, 238, 423, 568, 375, 171, 82, 1119, 73
174877, 1765.70, 11.76, 39, 86, 235, 417, 561, 372, 170, 82, 1131, 75
175225, 1758.00, 11.77, 40, 87, 238, 420, 570, 378, 174, 84, 1149, 76
175572, 1754.60, 11.76, 42, 92, 249, 440, 573, 381, 177, 85, 1162, 77
175922, 1749.30, 11.75, 42, 92, 248, 438, 586, 390, 182, 88, 1175, 77
176273, 1744.20, 11.75, 42, 93, 250, 440, 580, 387, 183, 88, 1190, 79
176622, 1741.60, 11.75, 44, 97, 259, 456, 612, 407, 193, 93, 1200, 78
176970, 1739.60, 11.76, 44, 97, 260, 456, 607, 404, 192, 93, 1212, 79
177318, 1735.60, 11.76, 44, 96, 257, 450, 596, 399, 190, 92, 1224, 81
177666, 1730.20, 11.76, 44, 98, 259, 453, 599, 403, 193, 94, 1244, 82
178014, 1727.00, 11.76, 45, 99, 262, 458, 593, 400, 192, 94, 1255, 83
178363, 1722.60, 11.77, 46, 101, 266, 464, 613, 414, 199, 98, 1273, 84
178713, 1717.30, 11.77, 46, 103, 270, 469, 615, 416, 201, 99, 1286, 85
179060, 1712.70, 11.76, 48, 105, 276, 479, 639, 433, 210, 104, 1302, 85
179407, 1707.50, 11.75, 47, 104, 272, 471, 626, 425, 208, 104, 1322, 87
179773, 1701.60, 11.75, 49, 109, 283, 489, 636, 433, 212, 107, 1347, 89
180122, 1698.40, 11.75, 51, 114, 294, 506, 666, 453, 224, 113, 1362, 89
180469, 1695.00, 11.71, 51, 113, 292, 502, 648, 443, 219, 111, 1375, 91
180818, 1688.90, 11.71, 51, 113, 291, 500, 655, 449, 224, 114, 1396, 92
181168, 1683.80, 11.71, 52, 115, 295, 505, 664, 456, 229, 117, 1416, 94
181514, 1678.80, 11.71, 52, 116, 296, 505, 663, 457, 231, 118, 1440, 95
181861, 1672.30, 11.71, 54, 119, 301, 513, 669, 463, 235, 121, 1464, 97
182211, 1666.80, 11.71, 56, 124, 313, 531, 693, 481, 245, 128, 1487, 98
182559, 1661.50, 11.71, 57, 127, 319, 540, 699, 487, 250, 130, 1509, 100
182908, 1653.80, 11.70, 58, 129, 323, 545, 704, 491, 254, 133, 1537, 102
183256, 1650.10, 11.70, 60, 133, 331, 557, 700, 490, 255, 134, 1556, 103
183614, 1644.30, 11.69, 59, 132, 327, 550, 714, 501, 262, 139, 1578, 105
183963, 1635.40, 11.69, 60, 133, 328, 549, 720, 507, 269, 143, 1617, 108
184312, 1627.80, 11.68, 62, 139, 339, 565, 718, 508, 272, 146, 1648, 110
184667, 1619.20, 11.68, 63, 141, 342, 569, 740, 526, 284, 154, 1685, 113
185015, 1615.70, 11.67, 68, 151, 366, 604, 763, 543, 294, 160, 1700, 113
185364, 1609.30, 11.67, 66, 148, 355, 586, 758, 541, 294, 161, 1724, 115
185713, 1602.10, 11.67, 69, 153, 367, 602, 783, 561, 307, 170, 1764, 117
186063, 1596.60, 11.66, 70, 157, 374, 613, 774, 556, 308, 170, 1786, 119
186410, 1588.80, 11.66, 71, 159, 376, 616, 772, 557, 312, 173, 1819, 122
186758, 1581.20, 11.66, 72, 160, 376, 614, 783, 567, 322, 180, 1863, 125
187105, 1574.90, 11.66, 73, 162, 380, 618, 786, 571, 327, 184, 1888, 127
187453, 1566.20, 11.65, 74, 165, 384, 621, 805, 587, 339, 193, 1937, 130
187800, 1558.80, 11.65, 80, 179, 414, 667, 834, 612, 355, 203, 1990, 134
188147, 1549.90, 11.65, 83, 186, 427, 685, 862, 635, 371, 215, 2048, 137
188496, 1544.50, 11.64, 88, 197, 452, 722, 895, 661, 389, 226, 2093, 139
188845, 1535.50, 11.65, 86, 192, 436, 696, 868, 644, 386, 225, 2133, 143
189192, 1529.60, 11.65, 88, 196, 442, 703, 860, 641, 389, 228, 2175, 146
189539, 1521.00, 11.65, 88, 196, 440, 699, 868, 650, 399, 235, 2229, 150
189887, 1514.20, 11.64, 93, 207, 460, 728, 894, 672, 418, 248, 2291, 154
190236, 1504.90, 11.64, 94, 209, 461, 727, 896, 677, 426, 255, 2344, 157
190584, 1495.30, 11.64, 98, 218, 477, 750, 951, 722, 459, 277, 2428, 162
190936, 1485.90, 11.64, 106, 235, 512, 798, 959, 732, 470, 287, 2476, 166
191283, 1476.90, 11.65, 108, 238, 515, 799, 970, 743, 480, 298, 2527, 170
191631, 1468.40, 11.65, 107, 235, 506, 778, 965, 742, 485, 304, 2565, 174
191980, 1457.50, 11.66, 109, 240, 511, 783, 988, 764, 507, 321, 2654, 180
192329, 1453.80, 11.66, 109, 239, 505, 771, 920, 713, 481, 306, 2630, 181
192679, 1451.10, 11.67, 103, 225, 475, 724, 1025, 797, 533, 340, 2723, 184
193026, 1441.50, 11.68, 122, 270, 565, 859, 1028, 805, 547, 352, 2808, 190
193376, 1434.10, 11.69, 124, 272, 565, 855, 1049, 825, 566, 368, 2867, 194
193725, 1419.90, 11.70, 130, 283, 584, 879, 1088, 863, 601, 395, 2981, 202
194073, 1412.30, 11.70, 138, 301, 615, 922, 1095, 873, 615, 408, 3034, 206
194419, 1399.60, 11.75, 143, 310, 629, 938, 1128, 906, 646, 435, 3126, 212
194767, 1390.40, 11.78, 147, 318, 641, 950, 1134, 915, 661, 451, 3185, 217
195116, 1376.90, 11.80, 151, 323, 645, 950, 1177, 957, 703, 488, 3294, 225
195465, 1365.00, 11.83, 164, 349, 691, 1011, 1221, 1000, 744, 524, 3402, 232
195816, 1353.90, 11.85, 176, 374, 733, 1064, 1302, 1076, 808, 578, 3557, 241
196165, 1341.20, 11.87, 181, 383, 744, 1076, 1312, 1092, 833, 604, 3673, 250
196515, 1330.80, 11.89, 197, 415, 799, 1150, 1363, 1147, 887, 650, 3818, 258
196862, 1317.70, 11.91, 201, 422, 804, 1156, 1386, 1175, 929, 687, 4008, 272
197211, 1307.30, 11.93, 207, 431, 811, 1160, 1339, 1142, 923, 690, 4108, 282
197560, 1293.40, 11.94, 204, 423, 787, 1121, 1355, 1165, 960, 728, 4274, 295
197911, 1280.60, 11.96, 225, 463, 854, 1210, 1435, 1247, 1040, 801, 4501, 309
198260, 1266.20, 11.98, 233, 478, 873, 1230, 1494, 1310, 1110, 869, 4733, 326
198607, 1252.70, 12.00, 270, 552, 997, 1394, 1661, 1474, 1269, 1009, 5037, 343
198957, 1238.40, 12.03, 273, 552, 983, 1367, 1542, 1377, 1219, 987, 5224, 364
199304, 1221.60, 12.06, 236, 468, 826, 1139, 1414, 1272, 1153, 954, 5242, 372
199653, 1209.70, 12.09, 276, 547, 952, 1309, 1552, 1417, 1300, 1091, 5620, 395
200001, 1196.20, 12.12, 290, 572, 984, 1349, 1611, 1484, 1383, 1181, 5878, 413
200351, 1181.30, 12.15, 345, 673, 1156, 1569, 1824, 1692, 1619, 1390, 6281, 437
200698, 1168.10, 12.18, 369, 713, 1210, 1632, 1828, 1710, 1675, 1461, 6592, 463
201046, 1155.60, 12.21, 329, 624, 1048, 1407, 1506, 1432, 1422, 1274, 6322, 459
201395, 1143.70, 12.24, 344, 645, 1071, 1431, 1841, 1750, 1781, 1600, 6979, 497
201744, 1130.20, 12.28, 429, 812, 1327, 1773, 2068, 1979, 2054, 1878, 7419, 526
202092, 1118.70, 12.33, 423, 782, 1265, 1670, 1751, 1702, 1797, 1679, 7474, 552
202444, 1106.10, 12.38, 437, 795, 1272, 1666, 2018, 1965, 2114, 2000, 8239, 608
202791, 1097.60, 12.43, 476, 860, 1359, 1773, 2117, 2073, 2261, 2165, 8546, 635
203141, 1089.20, 12.50, 524, 948, 1482, 1929, 2204, 2167, 2401, 2316, 8759, 657
203488, 1079.50, 12.54, 545, 974, 1510, 1945, 2148, 2126, 2402, 2339, 8930, 691
203834, 1072.90, 12.58, 559, 985, 1522, 1947, 2194, 2179, 2485, 2441, 8993, 709
204181, 1065.00, 12.61, 554, 960, 1479, 1880, 2148, 2153, 2476, 2459, 8734, 706
204531, 1057.60, 12.63, 576, 985, 1506, 1895, 2141, 2165, 2490, 2526, 8544, 715
204877, 1047.00, 12.65, 602, 1021, 1544, 1926, 2176, 2221, 2575, 2665, 8271, 733
205224, 1036.00, 12.67, 631, 1050, 1568, 1937, 2213, 2284, 2663, 2827, 7993, 783
205571, 1022.40, 12.69, 708, 1153, 1691, 2069, 2356, 2479, 2903, 3157, 8181, 976
205918, 1004.60, 12.70, 831, 1309, 1865, 2278, 2516, 2683, 3208, 3515, 8399, 1538
206266, 998.20, 12.72, 1052, 1598, 2188, 2656, 2747, 2962, 3535, 3950, 9121, 3158
206613, 998.10, 12.74, 982, 1489, 2027, 2465, 2729, 2923, 3505, 3941, 8035, 2845
206962, 998.00, 12.77, 1080, 1644, 2204, 2685, 2923, 3152, 3749, 4267, 9636, 3545
207311, 997.60, 12.79, 1118, 1699, 2287, 2782, 3098, 3263, 3918, 4459, 12624, 5010
207659, 997.50, 12.81, 1140, 1702, 2311, 2758, 3110, 3325, 3954, 4508, 15274, 5891
208007, 997.20, 12.84, 1218, 1860, 2487, 3061, 3149, 3406, 4130, 4525, 17606, 6718
208355, 997.60, 12.85, 924, 1414, 1896, 2331, 2260, 2491, 3017, 3356, 10397, 4127
208702, 997.70, 12.86, 1012, 1476, 1971, 2475, 2876, 3042, 3644, 4116, 14353, 5643
209053, 997.50, 12.88, 1032, 1530, 2070, 2482, 2750, 2892, 3491, 3957, 13765, 5577
209400, 997.60, 12.90, 919, 1351, 1826, 2203, 2361, 2554, 3026, 3510, 12814, 4973
209747, 997.30, 12.90, 761, 1076, 1471, 1765, 2599, 2812, 3416, 3831, 11934, 4516
210094, 997.60, 12.91, 1338, 2061, 2774, 3409, 3276, 3544, 4246, 4756, 17228, 6653
210443, 997.50, 12.92, 911, 1254, 1742, 2086, 2332, 2576, 2991, 3441, 11384, 4522
210790, 997.10, 12.92, 845, 1172, 1668, 1911, 2267, 2396, 2915, 3319, 12232, 5467
211141, 997.60, 12.93, 1466, 2234, 3007, 3658, 3811, 4066, 4850, 5401, 18042, 6998
211489, 998.00, 12.96, 936, 1426, 1923, 2362, 2337, 2471, 2937, 3235, 9918, 3535
211838, 998.20, 12.96, 899, 1376, 1855, 2276, 2609, 2751, 3291, 3674, 12547, 4504
212205, 998.10, 12.98, 576, 831, 1106, 1366, 1156, 1271, 1531, 1710, 5270, 2318
212552, 998.50, 13.00, 543, 748, 1001, 1232, 722, 839, 965, 1104, 3577, 1532
212899, 998.00, 13.01, 257, 318, 412, 547, 533, 721, 866, 1011, 3569, 1682
213248, 997.70, 13.01, 237, 256, 373, 439, 619, 757, 853, 1016, 2157, 957
213595, 998.10, 13.02, 298, 351, 489, 569, 581, 737, 836, 1069, 2100, 911
213943, 998.00, 13.03, 256, 286, 413, 460, 474, 604, 667, 862, 1808, 815
214291, 998.00, 13.05, 246, 269, 397, 438, 486, 613, 677, 866, 1830, 813
