Secchi Depth (cm) = 0573
Forel Ule Scale = 11
pH Colour Scale = 99
SensingSecchi S/N = A005
Latitude (degs N) = 56.477567
Longitude (degs E) = -5.5034
Date = 2405160902
Millisecond since start, Pressure (mbar) MS5803, Temp (deg C) MS5803, 415nm, 445nm, 480nm, 515nm, 555nm, 590nm, 630nm, 680nm, Clear, NIR
143162, 998.60, 14.69, 1350, 2044, 2754, 3497, 3735, 4057, 4920, 5344, 19740, 7751
143510, 998.50, 14.70, 1358, 2058, 2779, 3504, 3793, 4143, 5044, 5452, 19902, 7812
143858, 998.80, 14.70, 1428, 2143, 2920, 3706, 4124, 4475, 5413, 5910, 21697, 8400
144204, 998.40, 14.71, 1536, 2365, 3180, 3955, 4331, 4708, 5597, 6270, 21684, 8384
144551, 998.30, 14.72, 1598, 2406, 3276, 3962, 4331, 4691, 5574, 6293, 21138, 8146
144909, 998.40, 14.73, 1609, 2423, 3303, 4004, 4451, 4839, 5731, 6489, 21985, 8525
145256, 998.50, 14.75, 1664, 2513, 3419, 4127, 4496, 4944, 5738, 6647, 22465, 8645
145603, 998.60, 14.76, 1669, 2485, 3411, 4074, 4474, 4862, 5734, 6542, 21689, 8357
145951, 998.40, 14.77, 1639, 2446, 3356, 4026, 4399, 4773, 5623, 6389, 21260, 8179
146298, 998.50, 14.78, 1627, 2419, 3322, 4011, 4444, 4823, 5697, 6466, 21115, 8136
146645, 998.70, 14.79, 1649, 2526, 3412, 4201, 4636, 5031, 6000, 6757, 22420, 8599
146996, 998.90, 14.81, 1664, 2606, 3471, 4342, 4677, 5040, 6103, 6802, 23083, 8800
147345, 998.80, 14.81, 1631, 2546, 3403, 4269, 4542, 4921, 5955, 6593, 22600, 8609
147692, 998.40, 14.82, 1591, 2460, 3311, 4141, 4407, 4753, 5783, 6326, 21705, 8294
148040, 998.40, 14.83, 1539, 2411, 3244, 4026, 4442, 4641, 5769, 6305, 22133, 8454
148387, 998.40, 14.84, 1547, 2454, 3306, 4021, 4533, 4694, 5818, 6501, 23340, 9234
148735, 998.50, 14.85, 1569, 2473, 3358, 4018, 4504, 4701, 5739, 6538, 23392, 9572
149087, 998.50, 14.86, 1572, 2453, 3346, 3978, 4455, 4678, 5648, 6465, 22789, 9317
149436, 998.30, 14.88, 1566, 2420, 3312, 3931, 4336, 4606, 5486, 6332, 21918, 8906
149784, 998.20, 14.89, 1537, 2331, 3215, 3787, 4151, 4470, 5279, 6106, 20631, 8259
150132, 998.30, 14.90, 1535, 2269, 3147, 3720, 4116, 4467, 5259, 6047, 19640, 7736
150478, 998.10, 14.91, 1520, 2216, 3089, 3649, 3923, 4297, 5021, 5770, 17696, 6857
150828, 998.20, 14.92, 1447, 2101, 2922, 3473, 3786, 4170, 4862, 5619, 17419, 6901
151179, 998.10, 14.93, 1439, 2107, 2924, 3484, 3829, 4159, 4936, 5639, 18333, 7464
151526, 998.20, 14.94, 1441, 2113, 2931, 3497, 3841, 4196, 4958, 5687, 18552, 7530
151874, 998.30, 14.95, 1476, 2165, 2999, 3560, 3968, 4347, 5086, 5904, 19190, 7691
152222, 998.20, 14.95, 1502, 2215, 3064, 3632, 3991, 4394, 5092, 5964, 19046, 7540
152568, 998.20, 14.96, 1510, 2237, 3086, 3647, 4047, 4415, 5136, 6021, 19002, 7539
152918, 998.20, 14.97, 1493, 2236, 3089, 3622, 4007, 4331, 5045, 5938, 18767, 7457
153267, 998.20, 14.98, 1458, 2217, 3058, 3569, 3998, 4261, 5021, 5888, 18811, 7449
153616, 998.30, 14.99, 1442, 2227, 3064, 3583, 4017, 4244, 5045, 5884, 19264, 7632
153963, 998.40, 15.00, 1414, 2209, 3034, 3557, 4025, 4215, 5067, 5859, 19791, 7868
154311, 998.30, 15.01, 1370, 2182, 2984, 3531, 4018, 4174, 5100, 5801, 20217, 8031
154660, 998.50, 15.02, 1370, 2214, 3000, 3597, 4034, 4182, 5151, 5792, 20742, 8145
155007, 998.50, 15.02, 1360, 2207, 2962, 3615, 3998, 4170, 5163, 5736, 21128, 8202
155358, 998.80, 15.03, 1373, 2220, 2971, 3666, 4069, 4279, 5312, 5843, 21518, 8256
155707, 999.40, 15.05, 1413, 2267, 3027, 3766, 4158, 4400, 5444, 5969, 21696, 8274
156054, 1001.40, 15.04, 1320, 2159, 2851, 3609, 3639, 3915, 4760, 5292, 17031, 5498
156401, 1001.90, 14.97, 1190, 1923, 2586, 3246, 3834, 4091, 5024, 5503, 19816, 6015
156749, 1000.20, 14.91, 1422, 2265, 3039, 3814, 4097, 4392, 5361, 5902, 20638, 7162
157096, 1001.70, 14.85, 1389, 2223, 2965, 3733, 3783, 4077, 4920, 5454, 19906, 6817
157446, 1005.90, 14.80, 1331, 2135, 2881, 3611, 3822, 4118, 4953, 5490, 19301, 4999
157793, 1008.80, 14.76, 1291, 2089, 2848, 3571, 3821, 4108, 4871, 5437, 18571, 3957
158142, 1011.70, 14.72, 1248, 2015, 2777, 3460, 3769, 4052, 4742, 5319, 17869, 3401
158489, 1014.50, 14.68, 1212, 1953, 2716, 3368, 3677, 3944, 4583, 5140, 17066, 2929
158836, 1016.40, 14.64, 1171, 1886, 2639, 3269, 3597, 3845, 4447, 4988, 16572, 2712
159182, 1019.00, 14.60, 1157, 1862, 2617, 3239, 3566, 3823, 4383, 4926, 15989, 2452
159530, 1023.30, 14.57, 1118, 1805, 2549, 3158, 3481, 3737, 4242, 4787, 15149, 2074
159876, 1027.90, 14.54, 1070, 1737, 2481, 3072, 3374, 3600, 4091, 4581, 14317, 1753
160224, 1031.00, 14.50, 1024, 1671, 2418, 2995, 3325, 3519, 4013, 4434, 13734, 1550
160571, 1030.30, 14.46, 1001, 1641, 2384, 2960, 3298, 3490, 3980, 4393, 13591, 1525
160919, 1031.00, 14.41, 1000, 1640, 2373, 2946, 3262, 3436, 3926, 4340, 13532, 1525
161267, 1032.50, 14.36, 983, 1619, 2351, 2911, 3243, 3395, 3885, 4295, 13253, 1462
161613, 1037.70, 14.32, 935, 1563, 2289, 2794, 3113, 3200, 3659, 4092, 12318, 1301
161964, 1044.80, 14.27, 891, 1516, 2238, 2756, 3149, 3207, 3659, 3996, 11612, 1102
162312, 1050.30, 14.22, 855, 1479, 2198, 2715, 3090, 3105, 3552, 3844, 10924, 1001
162658, 1055.40, 14.15, 820, 1438, 2152, 2656, 3028, 3008, 3448, 3713, 10090, 888
163005, 1059.60, 14.12, 784, 1391, 2085, 2587, 2981, 2951, 3401, 3606, 9631, 823
163353, 1063.40, 14.09, 756, 1353, 2034, 2549, 2931, 2896, 3346, 3501, 9039, 739
163702, 1068.80, 14.07, 727, 1313, 1981, 2512, 2865, 2830, 3251, 3362, 8339, 651
164053, 1073.30, 14.05, 696, 1264, 1924, 2463, 2780, 2752, 3132, 3207, 7677, 579
164402, 1077.40, 14.02, 647, 1164, 1780, 2294, 2582, 2560, 2880, 2946, 6453, 469
164749, 1083.30, 13.99, 624, 1120, 1727, 2225, 2521, 2493, 2792, 2828, 5950, 421
165097, 1091.20, 13.96, 592, 1063, 1657, 2140, 2438, 2394, 2660, 2663, 5425, 374
165446, 1099.10, 13.94, 546, 989, 1559, 2022, 2294, 2231, 2465, 2437, 4625, 313
165793, 1104.40, 13.93, 511, 931, 1486, 1932, 2244, 2170, 2385, 2332, 4360, 290
166144, 1108.00, 13.89, 504, 923, 1487, 1932, 2250, 2164, 2372, 2293, 4356, 284
166493, 1112.40, 13.85, 494, 909, 1473, 1919, 2230, 2143, 2337, 2243, 4304, 277
166842, 1117.50, 13.82, 467, 859, 1401, 1832, 2107, 2026, 2199, 2103, 3806, 245
167189, 1119.20, 13.78, 465, 865, 1413, 1855, 2140, 2067, 2223, 2124, 4040, 257
167539, 1121.40, 13.75, 444, 823, 1352, 1776, 2065, 2000, 2144, 2049, 3728, 239
167885, 1124.00, 13.72, 426, 791, 1304, 1718, 1963, 1899, 2028, 1935, 3353, 217
168235, 1127.00, 13.70, 416, 776, 1285, 1697, 1923, 1865, 1978, 1883, 3318, 215
168585, 1129.20, 13.69, 400, 745, 1240, 1640, 1909, 1852, 1958, 1860, 3422, 222
168933, 1132.20, 13.68, 394, 736, 1230, 1628, 1846, 1790, 1887, 1783, 3336, 218
169281, 1136.20, 13.67, 386, 723, 1215, 1611, 1832, 1775, 1865, 1750, 3492, 228
169629, 1139.50, 13.67, 373, 701, 1184, 1572, 1805, 1743, 1831, 1702, 3619, 236
169977, 1143.00, 13.66, 362, 687, 1164, 1550, 1773, 1705, 1790, 1652, 3767, 245
170324, 1146.10, 13.65, 353, 674, 1150, 1530, 1752, 1679, 1758, 1617, 3988, 261
170673, 1149.70, 13.64, 345, 663, 1134, 1508, 1722, 1639, 1715, 1570, 4137, 274
171020, 1152.20, 13.63, 337, 654, 1122, 1493, 1723, 1634, 1707, 1557, 4418, 298
171369, 1153.00, 13.63, 337, 659, 1131, 1504, 1742, 1648, 1724, 1568, 4689, 320
171716, 1152.90, 13.62, 342, 672, 1149, 1529, 1772, 1676, 1754, 1594, 5013, 346
172063, 1157.40, 13.61, 342, 672, 1150, 1532, 1760, 1664, 1729, 1568, 5216, 365
172411, 1164.00, 13.59, 330, 653, 1126, 1505, 1726, 1623, 1675, 1501, 5198, 364
172761, 1169.30, 13.56, 322, 642, 1113, 1493, 1706, 1598, 1644, 1457, 5176, 362
173108, 1173.30, 13.54, 313, 627, 1094, 1471, 1701, 1587, 1624, 1432, 5235, 367
173454, 1177.70, 13.52, 312, 628, 1099, 1481, 1722, 1598, 1630, 1428, 5306, 371
173801, 1181.50, 13.51, 309, 625, 1098, 1483, 1711, 1582, 1611, 1402, 5316, 372
174148, 1187.60, 13.49, 304, 617, 1089, 1475, 1725, 1585, 1605, 1384, 5354, 374
174495, 1195.80, 13.46, 302, 620, 1103, 1499, 1699, 1553, 1555, 1324, 5234, 366
174844, 1202.10, 13.44, 287, 595, 1066, 1458, 1688, 1534, 1526, 1286, 5100, 355
175192, 1206.10, 13.42, 275, 569, 1024, 1406, 1631, 1478, 1471, 1234, 5033, 353
175542, 1209.90, 13.40, 269, 560, 1010, 1391, 1606, 1454, 1442, 1205, 4998, 351
175889, 1214.10, 13.38, 264, 553, 1000, 1382, 1598, 1443, 1424, 1183, 4977, 349
176236, 1218.50, 13.38, 258, 541, 982, 1362, 1587, 1429, 1402, 1157, 4948, 346
176584, 1224.20, 13.37, 253, 533, 973, 1353, 1553, 1393, 1358, 1114, 4879, 342
176957, 1228.80, 13.37, 249, 526, 965, 1345, 1570, 1405, 1360, 1108, 4856, 339
177306, 1234.00, 13.37, 243, 516, 950, 1327, 1536, 1371, 1319, 1072, 4815, 336
177654, 1239.60, 13.37, 243, 519, 959, 1342, 1541, 1369, 1307, 1055, 4802, 335
178003, 1244.60, 13.37, 235, 504, 935, 1313, 1559, 1378, 1305, 1045, 4764, 331
178350, 1251.80, 13.36, 236, 510, 952, 1343, 1547, 1359, 1275, 1010, 4685, 325
178698, 1261.40, 13.36, 229, 501, 942, 1335, 1511, 1320, 1225, 960, 4519, 312
179047, 1269.10, 13.35, 213, 466, 883, 1258, 1454, 1268, 1167, 906, 4336, 298
179407, 1276.20, 13.34, 201, 441, 841, 1203, 1392, 1212, 1105, 857, 4253, 294
179755, 1280.50, 13.33, 192, 422, 810, 1162, 1326, 1155, 1044, 809, 4174, 291
180102, 1286.20, 13.31, 193, 426, 819, 1177, 1399, 1209, 1088, 832, 4201, 290
180451, 1293.30, 13.30, 185, 410, 795, 1146, 1340, 1153, 1027, 780, 4082, 283
180798, 1303.90, 13.26, 188, 420, 819, 1185, 1445, 1223, 1075, 803, 4128, 283
181145, 1313.80, 13.25, 185, 418, 825, 1202, 1400, 1178, 1023, 752, 3816, 259
181494, 1323.40, 13.24, 186, 423, 839, 1225, 1511, 1258, 1074, 781, 3923, 267
181842, 1333.40, 13.24, 175, 400, 799, 1172, 1376, 1142, 967, 697, 3667, 248
182190, 1343.40, 13.23, 168, 384, 772, 1138, 1293, 1069, 895, 640, 3620, 247
182538, 1354.00, 13.21, 146, 332, 677, 1000, 1143, 950, 781, 557, 3395, 235
182886, 1358.20, 13.20, 132, 298, 613, 912, 1076, 896, 729, 518, 3263, 227
183235, 1361.50, 13.19, 130, 293, 604, 899, 1113, 923, 748, 529, 3342, 231
183582, 1369.80, 13.18, 145, 333, 686, 1026, 1210, 991, 795, 554, 3398, 231
183935, 1378.50, 13.16, 140, 323, 669, 1005, 1164, 951, 752, 521, 3326, 226
184282, 1387.90, 13.15, 143, 334, 695, 1049, 1296, 1040, 813, 551, 3353, 225
184628, 1395.10, 13.13, 141, 330, 692, 1051, 1285, 1028, 793, 534, 3266, 218
184976, 1403.00, 13.11, 141, 332, 700, 1068, 1249, 997, 757, 507, 3194, 212
185325, 1413.00, 13.10, 138, 325, 691, 1056, 1211, 963, 719, 479, 3171, 211
185672, 1423.70, 13.08, 123, 287, 616, 940, 1073, 859, 626, 418, 3078, 207
186020, 1434.00, 13.07, 112, 261, 561, 863, 996, 795, 573, 381, 3001, 205
186372, 1443.50, 13.06, 115, 269, 583, 899, 1122, 885, 623, 409, 2994, 199
186721, 1454.50, 13.06, 121, 285, 623, 962, 1187, 927, 639, 416, 2776, 182
187069, 1463.60, 13.06, 120, 280, 617, 952, 1131, 885, 597, 392, 2717, 179
187417, 1473.80, 13.06, 113, 264, 584, 904, 1056, 820, 546, 358, 2518, 167
187763, 1483.30, 13.06, 109, 253, 565, 869, 1046, 805, 527, 348, 2394, 161
188113, 1495.70, 13.06, 103, 237, 534, 818, 1008, 763, 496, 326, 2246, 155
188460, 1506.70, 13.05, 100, 232, 530, 810, 1043, 772, 498, 322, 2155, 148
188805, 1518.00, 13.04, 99, 235, 542, 832, 1046, 760, 488, 308, 2055, 140
189153, 1528.40, 13.04, 97, 234, 544, 843, 1066, 764, 489, 302, 1924, 128
189500, 1537.80, 13.03, 90, 210, 492, 772, 957, 697, 442, 270, 1566, 104
189847, 1548.20, 13.02, 86, 203, 479, 763, 911, 664, 417, 252, 1406, 92
190193, 1558.20, 13.00, 74, 164, 390, 625, 801, 588, 363, 221, 1053, 70
190542, 1568.00, 12.98, 73, 166, 398, 642, 815, 592, 363, 217, 1024, 67
190891, 1578.20, 12.97, 76, 175, 422, 684, 931, 660, 403, 232, 1294, 80
191238, 1588.30, 12.95, 82, 199, 482, 789, 950, 672, 401, 228, 1408, 86
191587, 1598.50, 12.94, 75, 176, 433, 707, 886, 623, 371, 209, 1184, 73
191934, 1608.70, 12.92, 68, 154, 385, 629, 755, 535, 316, 179, 866, 58
192283, 1618.90, 12.90, 68, 156, 391, 643, 836, 587, 338, 189, 1068, 66
192632, 1628.70, 12.87, 65, 146, 371, 611, 821, 571, 328, 181, 1037, 65
192980, 1638.40, 12.84, 70, 167, 420, 700, 845, 579, 328, 178, 1141, 70
193332, 1649.10, 12.82, 65, 150, 384, 639, 810, 556, 311, 169, 1049, 66
193679, 1661.10, 12.80, 60, 134, 346, 577, 729, 503, 276, 151, 901, 60
194027, 1670.80, 12.78, 59, 134, 346, 581, 773, 526, 286, 154, 1024, 66
194375, 1681.60, 12.76, 62, 148, 384, 646, 811, 540, 292, 155, 1147, 74
194723, 1691.60, 12.73, 60, 142, 372, 627, 827, 540, 288, 151, 1218, 78
195071, 1701.90, 12.71, 59, 139, 366, 618, 750, 496, 260, 138, 1040, 70
195419, 1712.10, 12.68, 55, 127, 337, 573, 728, 485, 249, 131, 1051, 70
195769, 1722.60, 12.65, 49, 109, 291, 504, 700, 467, 235, 123, 1038, 69
196117, 1734.00, 12.62, 50, 113, 305, 527, 673, 451, 224, 117, 959, 65
196464, 1747.40, 12.60, 49, 108, 297, 513, 708, 460, 226, 116, 986, 65
196810, 1756.60, 12.56, 49, 111, 311, 537, 723, 460, 224, 113, 1017, 66
197157, 1765.80, 12.53, 49, 113, 317, 553, 733, 466, 226, 113, 1080, 71
197507, 1776.30, 12.50, 48, 111, 312, 550, 726, 459, 220, 109, 1097, 72
197856, 1785.40, 12.45, 46, 104, 295, 524, 687, 438, 207, 101, 1013, 67
198204, 1795.20, 12.43, 43, 95, 270, 484, 633, 410, 190, 93, 882, 59
198550, 1805.70, 12.40, 39, 81, 238, 430, 605, 393, 179, 87, 822, 56
198896, 1814.30, 12.39, 40, 85, 248, 452, 626, 399, 181, 87, 860, 57
199243, 1822.10, 12.38, 40, 87, 256, 468, 649, 408, 184, 87, 942, 62
199590, 1828.70, 12.36, 39, 88, 257, 473, 643, 402, 180, 85, 918, 60
199938, 1836.80, 12.36, 38, 84, 250, 460, 627, 393, 175, 82, 881, 58
200287, 1842.00, 12.35, 37, 80, 239, 443, 611, 384, 170, 79, 845, 56
200635, 1850.30, 12.34, 36, 74, 224, 416, 569, 362, 157, 74, 749, 51
200987, 1859.30, 12.32, 34, 71, 216, 403, 573, 362, 155, 72, 767, 51
201336, 1864.90, 12.31, 34, 71, 217, 405, 569, 358, 153, 70, 762, 51
201683, 1864.10, 12.30, 34, 71, 216, 405, 570, 359, 153, 70, 763, 51
202030, 1861.10, 12.28, 34, 71, 216, 406, 576, 363, 155, 72, 768, 51
202378, 1860.00, 12.26, 35, 73, 222, 415, 581, 366, 157, 73, 774, 51
202728, 1863.00, 12.24, 35, 73, 222, 416, 585, 367, 158, 73, 780, 52
203075, 1865.80, 12.23, 35, 72, 219, 411, 582, 365, 156, 72, 777, 52
203427, 1866.90, 12.22, 35, 73, 220, 414, 582, 365, 156, 72, 778, 52
203775, 1868.70, 12.21, 35, 73, 224, 419, 590, 368, 157, 72, 808, 54
204123, 1867.70, 12.21, 35, 74, 224, 421, 594, 371, 157, 73, 834, 56
204471, 1867.90, 12.21, 35, 74, 226, 423, 595, 372, 157, 73, 847, 57
204819, 1866.60, 12.21, 35, 74, 227, 423, 596, 372, 157, 73, 875, 59
205168, 1863.40, 12.21, 36, 75, 229, 426, 601, 377, 158, 75, 907, 61
205515, 1861.70, 12.20, 36, 77, 235, 432, 610, 384, 160, 76, 928, 62
205866, 1860.80, 12.19, 37, 78, 237, 437, 611, 385, 160, 76, 961, 64
206215, 1860.90, 12.18, 37, 79, 239, 442, 616, 390, 161, 77, 959, 63
206562, 1862.00, 12.18, 38, 79, 240, 444, 622, 394, 162, 78, 964, 63
206910, 1863.30, 12.18, 38, 79, 241, 446, 622, 395, 161, 77, 960, 62
207259, 1862.50, 12.17, 38, 79, 240, 445, 621, 395, 161, 77, 995, 65
207608, 1857.40, 12.16, 37, 79, 240, 443, 620, 394, 162, 78, 1040, 69
207955, 1850.50, 12.16, 38, 81, 245, 452, 629, 401, 166, 80, 1073, 71
208303, 1842.90, 12.14, 39, 84, 251, 462, 638, 409, 170, 83, 1110, 73
208655, 1837.10, 12.12, 40, 87, 258, 473, 650, 418, 175, 85, 1137, 75
209003, 1834.00, 12.09, 40, 87, 258, 472, 651, 419, 176, 86, 1152, 76
209351, 1827.80, 12.09, 41, 88, 261, 477, 658, 424, 180, 88, 1187, 79
209697, 1826.40, 12.07, 42, 92, 270, 493, 688, 446, 189, 93, 1174, 77
210044, 1818.50, 12.07, 43, 92, 272, 496, 681, 441, 189, 93, 1219, 80
210391, 1814.10, 12.06, 45, 97, 285, 518, 701, 456, 197, 97, 1239, 81
210739, 1808.70, 12.05, 45, 99, 288, 522, 707, 460, 200, 99, 1271, 83
211108, 1802.10, 12.04, 46, 102, 295, 531, 721, 471, 206, 103, 1307, 86
211455, 1797.20, 12.04, 48, 105, 302, 543, 727, 476, 210, 105, 1327, 87
211802, 1787.70, 12.04, 48, 105, 301, 540, 735, 481, 215, 108, 1367, 91
212149, 1783.40, 12.03, 50, 111, 316, 563, 759, 498, 224, 113, 1388, 91
212498, 1776.60, 12.02, 52, 115, 325, 576, 769, 505, 228, 116, 1430, 94
212847, 1770.20, 12.02, 54, 121, 340, 599, 782, 515, 234, 120, 1449, 96
213195, 1763.40, 12.02, 54, 122, 343, 601, 808, 534, 245, 127, 1476, 97
213547, 1755.60, 12.02, 57, 128, 356, 621, 808, 534, 247, 128, 1520, 100
213896, 1747.90, 12.02, 58, 132, 365, 632, 845, 562, 263, 138, 1556, 102
214244, 1739.80, 12.01, 60, 135, 371, 641, 834, 555, 263, 138, 1577, 105
214594, 1732.40, 12.00, 61, 140, 382, 654, 867, 576, 276, 147, 1620, 107
214943, 1722.40, 11.99, 63, 146, 395, 671, 886, 588, 286, 153, 1674, 111
215291, 1717.20, 11.99, 67, 156, 419, 708, 921, 613, 301, 161, 1702, 111
215639, 1713.40, 11.99, 68, 159, 426, 717, 930, 621, 307, 165, 1714, 112
215988, 1708.90, 12.00, 69, 161, 430, 722, 938, 628, 312, 169, 1729, 113
216335, 1705.20, 12.00, 71, 165, 438, 734, 948, 635, 318, 173, 1750, 114
216683, 1701.20, 11.99, 72, 168, 445, 743, 952, 638, 321, 175, 1767, 116
217030, 1693.70, 12.00, 72, 169, 445, 740, 956, 642, 326, 179, 1800, 119
217377, 1688.10, 12.00, 74, 172, 452, 751, 971, 654, 336, 185, 1798, 118
217724, 1682.90, 12.01, 76, 178, 465, 767, 990, 666, 344, 190, 1845, 121
218072, 1676.20, 12.01, 77, 182, 473, 779, 1001, 673, 352, 194, 1885, 124
218438, 1670.90, 12.01, 79, 188, 486, 799, 1017, 687, 362, 201, 1896, 125
218786, 1666.60, 12.01, 80, 191, 491, 805, 1025, 695, 368, 206, 1905, 125
219133, 1660.70, 12.01, 81, 193, 495, 807, 1032, 701, 374, 210, 1925, 127
219481, 1657.20, 12.01, 83, 197, 505, 822, 1054, 718, 386, 217, 1909, 125
219831, 1653.50, 12.02, 84, 199, 508, 826, 1051, 717, 387, 219, 1932, 127
220179, 1647.10, 12.02, 85, 201, 512, 829, 1061, 725, 395, 224, 1971, 130
220528, 1642.60, 12.03, 87, 208, 526, 852, 1084, 743, 407, 231, 2009, 132
220879, 1636.80, 12.04, 88, 210, 530, 856, 1089, 750, 412, 236, 2067, 136
221228, 1629.80, 12.04, 90, 214, 539, 870, 1107, 767, 424, 243, 2136, 141
221578, 1624.50, 12.05, 92, 219, 549, 886, 1129, 788, 437, 252, 2184, 143
221927, 1620.00, 12.05, 95, 224, 559, 900, 1136, 799, 442, 257, 2219, 145
222274, 1615.40, 12.06, 96, 226, 562, 905, 1136, 805, 446, 261, 2263, 149
222621, 1611.60, 12.06, 97, 228, 566, 912, 1151, 822, 455, 268, 2284, 150
222972, 1608.00, 12.07, 99, 231, 570, 920, 1145, 820, 455, 268, 2324, 153
223320, 1600.20, 12.07, 98, 229, 566, 914, 1147, 822, 462, 271, 2395, 158
223668, 1594.70, 12.08, 102, 239, 585, 944, 1180, 850, 481, 284, 2443, 161
224016, 1587.70, 12.09, 102, 241, 589, 948, 1172, 844, 483, 285, 2506, 166
224363, 1579.00, 12.10, 103, 244, 593, 951, 1181, 852, 493, 293, 2569, 170
224711, 1574.80, 12.11, 107, 251, 607, 971, 1186, 861, 503, 300, 2609, 173
225059, 1567.20, 12.11, 102, 238, 575, 920, 1154, 836, 495, 296, 2645, 178
225409, 1562.70, 12.12, 106, 248, 592, 944, 1195, 875, 521, 315, 2671, 179
225757, 1557.40, 12.13, 109, 255, 608, 966, 1202, 879, 525, 319, 2698, 181
226104, 1551.00, 12.14, 113, 266, 633, 1000, 1241, 914, 547, 335, 2685, 179
226453, 1545.70, 12.15, 116, 273, 649, 1021, 1250, 919, 554, 342, 2758, 184
226800, 1538.90, 12.16, 116, 272, 644, 1010, 1265, 931, 566, 351, 2803, 187
227147, 1532.60, 12.17, 118, 278, 654, 1021, 1268, 935, 574, 358, 2846, 190
227493, 1528.20, 12.18, 118, 277, 649, 1012, 1251, 925, 573, 358, 2829, 191
227843, 1518.60, 12.19, 116, 272, 636, 991, 1247, 922, 578, 362, 2874, 195
228190, 1511.40, 12.19, 123, 289, 670, 1038, 1320, 988, 621, 397, 2929, 196
228536, 1504.00, 12.21, 127, 297, 683, 1053, 1313, 981, 626, 402, 2958, 200
228883, 1497.80, 12.22, 128, 302, 694, 1064, 1293, 957, 619, 395, 3001, 204
229230, 1493.40, 12.24, 119, 282, 652, 1001, 1285, 949, 620, 397, 2983, 204
229578, 1486.80, 12.25, 125, 295, 676, 1032, 1318, 984, 646, 419, 3016, 206
229925, 1482.10, 12.26, 136, 319, 724, 1100, 1379, 1049, 687, 455, 3061, 206
230276, 1474.30, 12.28, 137, 320, 722, 1097, 1355, 1030, 682, 451, 3128, 213
230624, 1465.10, 12.29, 141, 330, 741, 1124, 1383, 1058, 707, 471, 3249, 220
230970, 1458.00, 12.31, 146, 340, 759, 1150, 1409, 1086, 732, 491, 3339, 226
231317, 1448.60, 12.32, 146, 340, 754, 1141, 1402, 1085, 742, 499, 3427, 233
231664, 1442.10, 12.34, 153, 354, 781, 1177, 1454, 1139, 783, 534, 3468, 234
232010, 1435.30, 12.35, 152, 352, 771, 1161, 1450, 1139, 790, 542, 3515, 238
232361, 1429.30, 12.36, 160, 369, 804, 1209, 1478, 1171, 816, 564, 3534, 239
232710, 1425.40, 12.37, 167, 382, 829, 1244, 1496, 1192, 833, 580, 3536, 238
233059, 1420.40, 12.38, 162, 372, 806, 1209, 1489, 1185, 836, 584, 3608, 244
233406, 1414.00, 12.39, 163, 374, 805, 1204, 1470, 1172, 838, 588, 3659, 249
233754, 1408.90, 12.39, 165, 377, 809, 1206, 1471, 1176, 848, 598, 3668, 251
234102, 1404.00, 12.40, 167, 381, 813, 1209, 1491, 1195, 865, 615, 3681, 252
234448, 1397.80, 12.41, 171, 391, 832, 1233, 1512, 1216, 885, 634, 3709, 254
234799, 1393.80, 12.41, 177, 404, 857, 1264, 1563, 1267, 921, 671, 3707, 252
235148, 1392.50, 12.41, 185, 418, 885, 1295, 1580, 1287, 936, 690, 3584, 240
235497, 1394.90, 12.42, 185, 415, 879, 1277, 1537, 1244, 909, 670, 3222, 213
235844, 1395.20, 12.43, 173, 385, 818, 1183, 1499, 1203, 882, 651, 3241, 221
236191, 1391.80, 12.44, 169, 389, 822, 1199, 1498, 1190, 886, 646, 3337, 232
236537, 1389.70, 12.44, 171, 392, 829, 1205, 1499, 1189, 890, 649, 3249, 225
236887, 1386.40, 12.44, 169, 389, 821, 1196, 1488, 1178, 889, 645, 3224, 225
237234, 1384.60, 12.44, 171, 395, 831, 1209, 1490, 1181, 894, 650, 3146, 218
237582, 1379.60, 12.48, 168, 387, 813, 1187, 1475, 1173, 899, 652, 3172, 221
237929, 1377.00, 12.45, 173, 396, 828, 1204, 1483, 1184, 910, 666, 3141, 218
238277, 1376.10, 12.44, 174, 397, 827, 1202, 1477, 1182, 908, 668, 3050, 210
238626, 1374.30, 12.44, 172, 388, 808, 1173, 1459, 1170, 902, 663, 3032, 209
238974, 1370.80, 12.45, 172, 391, 812, 1181, 1474, 1182, 917, 675, 3094, 214
239324, 1369.50, 12.48, 176, 401, 831, 1205, 1483, 1189, 923, 680, 3092, 214
239673, 1368.20, 12.48, 176, 399, 827, 1198, 1468, 1180, 916, 677, 3030, 209
240020, 1363.60, 12.48, 174, 394, 814, 1181, 1459, 1177, 921, 683, 3100, 215
240367, 1359.30, 12.48, 177, 401, 824, 1191, 1474, 1194, 938, 702, 3146, 219
240715, 1351.70, 12.48, 181, 408, 834, 1201, 1490, 1214, 958, 725, 3239, 227
241062, 1346.90, 12.45, 187, 420, 857, 1227, 1515, 1240, 980, 750, 3304, 231
241412, 1343.00, 12.44, 189, 422, 858, 1228, 1524, 1251, 989, 761, 3385, 238
241760, 1338.90, 12.44, 192, 429, 871, 1241, 1535, 1265, 1000, 777, 3442, 242
242110, 1333.60, 12.44, 195, 435, 880, 1251, 1547, 1281, 1016, 796, 3542, 250
242457, 1329.90, 12.45, 202, 447, 900, 1272, 1566, 1305, 1037, 821, 3602, 253
242804, 1323.00, 12.49, 203, 449, 899, 1272, 1573, 1317, 1053, 839, 3714, 263
243153, 1315.70, 12.49, 209, 460, 916, 1293, 1588, 1340, 1078, 867, 3793, 269
243503, 1308.50, 12.49, 215, 471, 933, 1312, 1615, 1369, 1110, 901, 3876, 275
243871, 1302.20, 12.50, 220, 481, 948, 1327, 1630, 1387, 1134, 928, 3917, 279
244219, 1295.50, 12.50, 225, 490, 958, 1339, 1652, 1411, 1162, 959, 3975, 283
244567, 1288.70, 12.50, 231, 502, 976, 1358, 1665, 1428, 1188, 988, 4021, 287
244916, 1283.60, 12.51, 238, 514, 995, 1377, 1676, 1443, 1209, 1013, 4022, 286
245263, 1276.00, 12.51, 240, 518, 997, 1380, 1695, 1464, 1242, 1046, 4081, 292
245610, 1268.10, 12.52, 248, 533, 1017, 1402, 1710, 1483, 1275, 1080, 4096, 294
245960, 1260.50, 12.53, 252, 538, 1018, 1403, 1694, 1476, 1290, 1095, 4021, 288
246309, 1252.30, 12.53, 254, 539, 1012, 1394, 1694, 1481, 1314, 1121, 3978, 283
246657, 1245.00, 12.52, 257, 544, 1012, 1393, 1689, 1483, 1336, 1141, 3897, 274
247003, 1240.30, 12.52, 262, 553, 1022, 1407, 1715, 1504, 1374, 1169, 3831, 266
247353, 1236.80, 12.51, 263, 555, 1024, 1412, 1707, 1501, 1380, 1171, 3733, 258
247702, 1231.60, 12.51, 265, 557, 1023, 1413, 1700, 1499, 1390, 1182, 3646, 252
248051, 1227.30, 12.51, 268, 559, 1024, 1412, 1709, 1512, 1411, 1205, 3660, 252
248401, 1219.90, 12.51, 275, 572, 1038, 1430, 1726, 1537, 1446, 1249, 3724, 257
248748, 1214.00, 12.51, 282, 580, 1047, 1434, 1731, 1550, 1465, 1279, 3744, 258
249094, 1205.80, 12.51, 291, 596, 1069, 1457, 1760, 1584, 1506, 1328, 3864, 267
249442, 1197.10, 12.51, 304, 619, 1103, 1497, 1801, 1626, 1564, 1389, 4016, 279
249790, 1190.20, 12.50, 309, 620, 1096, 1483, 1799, 1635, 1581, 1420, 4032, 280
250136, 1180.60, 12.50, 325, 654, 1145, 1541, 1857, 1698, 1661, 1510, 4279, 298
250486, 1171.90, 12.50, 342, 681, 1179, 1575, 1915, 1758, 1746, 1605, 4487, 313
250834, 1162.70, 12.49, 366, 728, 1249, 1658, 2005, 1852, 1861, 1730, 4849, 339
251184, 1152.60, 12.49, 389, 765, 1301, 1710, 2035, 1894, 1915, 1811, 4994, 351
251531, 1143.90, 12.49, 409, 792, 1336, 1740, 2062, 1936, 1962, 1891, 5189, 367
251879, 1136.70, 12.49, 423, 804, 1346, 1743, 2134, 2021, 2051, 2011, 5569, 399
252227, 1130.50, 12.50, 457, 860, 1430, 1840, 2222, 2118, 2158, 2143, 5974, 433
252576, 1124.20, 12.51, 490, 920, 1517, 1950, 2358, 2261, 2307, 2321, 6553, 483
252924, 1114.50, 12.52, 518, 955, 1561, 1989, 2404, 2328, 2385, 2446, 6852, 511
253272, 1106.00, 12.52, 561, 1027, 1661, 2096, 2486, 2437, 2491, 2610, 7333, 550
253620, 1099.40, 12.53, 587, 1059, 1698, 2140, 2524, 2506, 2569, 2721, 7842, 592
253967, 1093.80, 12.54, 609, 1093, 1739, 2198, 2548, 2551, 2643, 2783, 8371, 635
254314, 1086.90, 12.55, 626, 1120, 1764, 2252, 2624, 2647, 2778, 2910, 9102, 687
254662, 1078.10, 12.56, 649, 1158, 1796, 2310, 2662, 2709, 2896, 3029, 9912, 754
255020, 1069.40, 12.58, 687, 1223, 1868, 2407, 2770, 2854, 3102, 3248, 10754, 827
255369, 1061.60, 12.60, 732, 1301, 1960, 2530, 2846, 2925, 3262, 3401, 11859, 941
255719, 1053.00, 12.63, 757, 1342, 1999, 2573, 2981, 3044, 3467, 3626, 12954, 1083
256067, 1046.40, 12.66, 815, 1434, 2118, 2707, 3076, 3147, 3631, 3832, 13889, 1251
256414, 1040.70, 12.70, 843, 1477, 2161, 2760, 3127, 3204, 3765, 3969, 14631, 1418
256763, 1030.40, 12.74, 899, 1564, 2264, 2880, 3277, 3371, 4044, 4283, 15610, 1718
257114, 1021.50, 12.79, 969, 1647, 2368, 2978, 3242, 3376, 4090, 4363, 16212, 2143
257463, 1012.20, 12.86, 998, 1640, 2352, 2891, 3194, 3368, 4065, 4461, 16517, 2840
257810, 999.30, 12.91, 1033, 1643, 2319, 2794, 3324, 3560, 4270, 4842, 17780, 5400
258157, 998.00, 12.98, 1222, 1889, 2622, 3111, 3182, 3459, 4150, 4714, 15092, 5527
258504, 997.80, 13.03, 1141, 1738, 2397, 2904, 3063, 3382, 4043, 4555, 12428, 4432
258852, 997.90, 13.07, 1188, 1806, 2483, 3034, 3388, 3719, 4438, 4985, 11521, 3935
259203, 997.70, 13.12, 1211, 1867, 2537, 3099, 3553, 3819, 4630, 5205, 11160, 3832
259552, 997.50, 13.14, 1373, 2143, 2857, 3590, 3898, 4112, 5011, 5623, 15126, 5830
259901, 997.40, 13.17, 1441, 2229, 3026, 3636, 4105, 4431, 5171, 6045, 18975, 7243
260249, 997.50, 13.20, 1644, 2484, 3351, 4105, 4676, 5137, 6064, 6906, 23590, 9155
260606, 998.10, 13.22, 1695, 2685, 3578, 4457, 4753, 5036, 6191, 6902, 26087, 10434
260953, 997.70, 13.24, 1455, 2213, 3058, 3645, 3817, 4250, 4941, 5770, 19370, 7535
261304, 997.60, 13.25, 1320, 2005, 2712, 3351, 3628, 3879, 4751, 5380, 14804, 5658
261651, 997.60, 13.29, 1245, 1959, 2622, 3243, 3665, 3910, 4799, 5437, 16794, 6600
261998, 997.70, 13.31, 1257, 1909, 2573, 3214, 3149, 3447, 4211, 4736, 14747, 5643
262348, 998.20, 13.33, 1147, 1738, 2375, 2865, 3296, 3722, 4331, 4950, 17726, 6910
262696, 998.20, 13.34, 1481, 2344, 3148, 3869, 4248, 4655, 5490, 6335, 22389, 8786
263045, 998.20, 13.35, 1397, 2075, 2812, 3461, 3695, 4041, 4758, 5451, 18381, 7254
263397, 998.00, 13.37, 1338, 1982, 2696, 3312, 3732, 4119, 4862, 5495, 19522, 7485
263744, 998.30, 13.38, 1375, 2160, 2890, 3604, 3674, 3899, 4733, 5458, 20501, 8581
264091, 997.90, 13.39, 985, 1369, 1886, 2375, 2686, 2890, 3469, 4070, 14358, 5847
264438, 998.10, 13.40, 1067, 1614, 2191, 2704, 3065, 3272, 4032, 4555, 14459, 5510
264786, 998.20, 13.41, 1123, 1702, 2301, 2819, 3110, 3361, 3962, 4723, 17137, 6829
265136, 998.40, 13.41, 1612, 2532, 3451, 4180, 4969, 5283, 6315, 7214, 27983, 11192
265486, 998.40, 13.42, 1780, 2788, 3751, 4600, 5218, 5587, 6658, 7585, 28758, 11424
265834, 998.40, 13.44, 1702, 2633, 3529, 4410, 4888, 5196, 6297, 7087, 28321, 11447
266181, 997.90, 13.44, 1948, 3049, 4124, 5050, 5407, 5720, 6964, 7758, 27575, 10984
266529, 998.30, 13.46, 1660, 2621, 3529, 4325, 4382, 4651, 5614, 6284, 23007, 9184
266877, 998.30, 13.46, 1356, 2084, 2811, 3476, 3482, 3690, 4482, 4921, 18336, 7233
267223, 998.10, 13.47, 1282, 1950, 2625, 3254, 3570, 3740, 4614, 4956, 19089, 7709
267574, 998.60, 13.49, 1193, 1846, 2468, 3067, 3315, 3522, 4260, 4693, 17268, 6817
267922, 998.60, 13.51, 861, 1312, 1720, 2188, 1752, 1909, 2255, 2536, 6880, 2659
268271, 998.90, 13.53, 391, 521, 687, 904, 640, 751, 910, 953, 3025, 1319
268618, 998.90, 13.54, 202, 233, 337, 400, 413, 428, 562, 589, 2845, 1396
268965, 998.90, 13.55, 242, 317, 429, 577, 618, 653, 901, 877, 4912, 2193
