Secchi Depth (cm) = 0596
Forel Ule Scale = 12
pH Colour Scale = 99
SensingSecchi S/N = A005
Latitude (degs N) = 56.53197
Longitude (degs E) = -5.330067
Date = 2405161229
Millisecond since start, Pressure (mbar) MS5803, Temp (deg C) MS5803, 415nm, 445nm, 480nm, 515nm, 555nm, 590nm, 630nm, 680nm, Clear, NIR
115671, 998.30, 15.14, 1942, 3065, 4070, 5022, 5165, 5528, 6669, 7327, 28840, 12291
116021, 998.40, 15.14, 1691, 2583, 3437, 4327, 4742, 5122, 6188, 6654, 25808, 10847
116371, 998.20, 15.15, 2072, 3095, 4160, 5083, 5843, 6329, 7351, 8414, 28929, 11933
116720, 997.90, 15.15, 2156, 3229, 4371, 5227, 5682, 6144, 7124, 8178, 26150, 10298
117070, 997.90, 15.16, 1936, 3031, 4060, 4935, 5539, 5863, 7190, 7787, 29119, 12099
117439, 998.20, 15.18, 1857, 2849, 3801, 4596, 4696, 5029, 5976, 6524, 27494, 11645
117789, 997.90, 15.18, 1994, 3089, 4126, 5012, 5555, 5981, 7106, 7960, 27467, 11105
118138, 997.90, 15.19, 1974, 3034, 4059, 4938, 5255, 5693, 6702, 7546, 26280, 10516
118488, 997.60, 15.19, 1822, 2789, 3748, 4469, 4954, 5321, 6308, 6990, 27227, 11364
118839, 998.00, 15.19, 1923, 3001, 4005, 4892, 5617, 5958, 7202, 7884, 29632, 12509
119190, 998.00, 15.20, 1991, 3111, 4130, 5054, 5554, 5999, 7144, 7931, 29485, 12211
119543, 997.70, 15.21, 2080, 3201, 4280, 5211, 5598, 6072, 7115, 8027, 26841, 11079
119892, 997.70, 15.22, 1633, 2512, 3413, 4097, 4596, 4886, 5845, 6564, 17969, 6994
120244, 997.50, 15.22, 1903, 2895, 3929, 4712, 5021, 5370, 6373, 7182, 20826, 8242
120593, 998.20, 15.22, 1896, 2912, 3933, 4750, 5507, 5952, 6996, 7926, 26407, 10632
120944, 999.10, 15.26, 1053, 1583, 2048, 2382, 2531, 2593, 3191, 3375, 16449, 7056
121294, 999.20, 15.29, 1000, 1527, 1951, 2441, 2675, 2768, 3446, 3652, 18154, 7776
121649, 999.00, 15.30, 866, 1325, 1728, 2154, 2474, 2562, 3213, 3420, 16849, 7305
121998, 999.30, 15.31, 752, 1147, 1483, 1882, 2184, 2286, 2834, 3020, 14763, 6304
122350, 999.20, 15.31, 835, 1253, 1611, 2038, 2121, 2272, 2749, 2956, 13373, 5475
122700, 999.20, 15.32, 870, 1317, 1699, 2144, 2273, 2423, 2945, 3196, 14307, 5916
123050, 999.00, 15.32, 884, 1338, 1724, 2174, 2393, 2532, 3120, 3339, 15359, 6458
123401, 999.30, 15.32, 1026, 1579, 2045, 2569, 2813, 2951, 3665, 3938, 17600, 7490
123753, 999.20, 15.33, 821, 1254, 1617, 2045, 2391, 2519, 3128, 3346, 15636, 6629
124102, 998.90, 15.33, 1043, 1582, 2041, 2531, 3066, 3227, 3850, 4179, 18764, 7895
124452, 999.00, 15.33, 1192, 1764, 2273, 2734, 2845, 2963, 3565, 3748, 17251, 7255
124803, 998.90, 15.34, 1182, 1755, 2252, 2732, 2869, 3019, 3595, 3824, 17347, 7223
125155, 999.00, 15.35, 1110, 1665, 2115, 2597, 2700, 2843, 3408, 3597, 16578, 6840
125505, 998.90, 15.35, 1170, 1755, 2243, 2737, 2933, 3070, 3676, 3912, 18011, 7579
125858, 998.90, 15.35, 1294, 1932, 2506, 3015, 3688, 3867, 4625, 5079, 22122, 9700
126208, 998.80, 15.35, 891, 1422, 1898, 2312, 615, 679, 935, 1035, 3318, 1426
126559, 998.80, 15.36, 216, 320, 412, 526, 626, 688, 931, 1012, 2930, 1161
126909, 999.00, 15.39, 191, 281, 341, 459, 396, 437, 566, 640, 1911, 864
127259, 998.60, 15.37, 198, 311, 389, 473, 608, 652, 851, 901, 2412, 1084
127608, 998.60, 15.36, 343, 518, 679, 838, 921, 945, 1349, 1359, 4300, 1822
127962, 998.50, 15.36, 381, 575, 769, 975, 1047, 1116, 1510, 1563, 4075, 1716
128311, 998.60, 15.37, 498, 757, 1003, 1214, 1380, 1460, 1824, 1966, 5605, 2092
128660, 998.50, 15.38, 535, 817, 1076, 1298, 1300, 1363, 1692, 1781, 5456, 2046
129010, 998.70, 15.38, 527, 805, 1054, 1283, 1330, 1384, 1741, 1828, 5347, 2011
129359, 998.50, 15.39, 493, 749, 984, 1197, 1192, 1246, 1566, 1639, 4727, 1803
129709, 998.30, 15.39, 479, 726, 946, 1161, 1233, 1296, 1622, 1703, 5061, 1949
130059, 998.40, 15.40, 516, 796, 1036, 1273, 1359, 1414, 1790, 1867, 5712, 2171
130412, 998.00, 15.40, 587, 919, 1202, 1454, 2545, 2715, 3187, 3627, 13104, 5184
130763, 998.70, 15.40, 1589, 2486, 3385, 3990, 4689, 4775, 5909, 6526, 24241, 10375
131113, 998.40, 15.43, 1800, 2930, 3865, 4756, 5452, 5857, 7026, 7740, 23859, 8957
131464, 998.60, 15.45, 1848, 2818, 3752, 4565, 4993, 5366, 6296, 7063, 20150, 7541
131814, 999.20, 15.47, 1892, 2886, 3845, 4692, 4596, 4858, 5749, 6384, 16975, 6310
132164, 998.80, 15.46, 1975, 3056, 4052, 5020, 4352, 4636, 5719, 6102, 26504, 11263
132516, 998.90, 15.46, 1702, 2660, 3518, 4442, 4996, 5371, 6495, 7105, 27965, 11593
132866, 998.60, 15.45, 1936, 3016, 3998, 4946, 5328, 5732, 6892, 7591, 27818, 11252
133215, 998.20, 15.44, 893, 1256, 1750, 2013, 4360, 4673, 5693, 6270, 26278, 11425
133565, 998.40, 15.45, 1503, 2333, 3120, 3778, 4960, 5352, 6309, 7143, 26477, 10489
133916, 998.80, 15.45, 1714, 2668, 3551, 4309, 4790, 5247, 6007, 6996, 25701, 10579
134265, 998.50, 15.46, 1574, 2465, 3290, 3940, 4412, 4648, 5536, 6251, 19987, 8228
134619, 997.90, 15.47, 1355, 2011, 2724, 3279, 3391, 3628, 4388, 4850, 11568, 4323
134969, 999.30, 15.48, 1457, 2280, 3067, 3762, 4312, 4675, 5476, 6168, 25813, 10653
135320, 998.30, 15.48, 1516, 2378, 3143, 3837, 4089, 4384, 5227, 5788, 13417, 5110
135669, 998.80, 15.49, 1276, 2002, 2691, 3295, 4077, 4414, 5281, 5858, 22568, 9089
136018, 998.50, 15.48, 1675, 2568, 3433, 4117, 4336, 4616, 5486, 6195, 20269, 8380
136370, 998.30, 15.50, 1336, 2032, 2750, 3279, 3552, 3796, 4662, 5086, 15618, 6041
136721, 998.50, 15.49, 1599, 2491, 3311, 4040, 4371, 4730, 5445, 6337, 23947, 10014
137070, 997.90, 15.51, 1414, 2139, 2871, 3465, 3454, 3683, 4447, 4936, 11572, 4283
137420, 999.00, 15.51, 1436, 2249, 3006, 3725, 4380, 4773, 5557, 6286, 25577, 10427
137770, 998.50, 15.51, 1517, 2380, 3151, 3803, 4185, 4464, 5297, 5967, 15386, 5938
138121, 997.90, 15.52, 1290, 1945, 2637, 3143, 3333, 3554, 4365, 4759, 11847, 4441
138470, 998.40, 15.53, 1290, 1993, 2702, 3308, 3812, 4161, 4991, 5473, 21615, 8667
138824, 998.80, 15.53, 1459, 2286, 3041, 3775, 4098, 4475, 5251, 5875, 24538, 9922
139175, 998.60, 15.53, 1494, 2327, 3098, 3803, 4107, 4488, 5255, 5887, 24577, 9909
139525, 998.20, 15.54, 1454, 2282, 3027, 3769, 3933, 4295, 5130, 5650, 22637, 9002
139876, 997.80, 15.54, 1267, 1955, 2654, 3246, 3298, 3530, 4381, 4706, 13652, 5248
140225, 998.30, 15.53, 1294, 1923, 2613, 3127, 3790, 4066, 4832, 5377, 11290, 4172
140576, 999.10, 15.54, 1489, 2335, 3092, 3742, 4378, 4739, 5438, 6344, 24454, 10281
140929, 998.10, 15.56, 1480, 2312, 3077, 3803, 3671, 3984, 4797, 5272, 19551, 7761
141279, 998.40, 15.56, 1258, 1895, 2571, 3071, 3594, 3865, 4567, 5125, 10452, 3856
141629, 1004.90, 15.54, 1261, 1979, 2628, 3126, 4015, 4357, 4976, 5816, 22774, 7116
141978, 1013.10, 15.51, 1380, 2240, 3051, 3812, 3542, 3780, 4556, 4947, 18267, 3516
142328, 1013.80, 15.45, 976, 1592, 2251, 2766, 2990, 3148, 3768, 4151, 7752, 1158
142679, 1018.40, 15.40, 1017, 1583, 2252, 2753, 3323, 3474, 4109, 4528, 8793, 1233
143032, 1026.40, 15.36, 1034, 1730, 2420, 3032, 3514, 3616, 4195, 4714, 15096, 2196
143385, 1034.70, 15.31, 1003, 1680, 2429, 3014, 3839, 4095, 4607, 5121, 17348, 1967
143733, 1042.80, 15.25, 995, 1714, 2516, 3223, 3378, 3569, 4093, 4354, 15459, 1511
144090, 1051.10, 15.21, 785, 1371, 2075, 2686, 2902, 2980, 3535, 3636, 11264, 1012
144442, 1059.00, 15.17, 579, 1024, 1586, 2052, 2309, 2354, 2793, 2839, 6795, 536
144791, 1067.90, 15.13, 530, 927, 1462, 1911, 2204, 2250, 2605, 2640, 4561, 335
145152, 1075.00, 15.09, 554, 958, 1537, 1991, 2371, 2431, 2700, 2778, 4147, 300
145501, 1083.90, 15.05, 556, 958, 1559, 2012, 2391, 2412, 2657, 2696, 3960, 275
145852, 1090.90, 14.99, 534, 936, 1525, 1993, 2339, 2347, 2559, 2584, 3876, 269
146201, 1098.40, 14.94, 502, 902, 1457, 1952, 2316, 2307, 2503, 2506, 4078, 283
146552, 1105.20, 14.89, 458, 832, 1354, 1826, 2130, 2109, 2258, 2250, 3656, 260
146902, 1112.30, 14.83, 455, 841, 1379, 1865, 2144, 2110, 2240, 2211, 3934, 280
147251, 1118.90, 14.78, 420, 774, 1281, 1735, 2074, 2029, 2133, 2090, 3739, 267
147605, 1127.90, 14.73, 382, 695, 1168, 1582, 1886, 1847, 1914, 1864, 2997, 212
147954, 1135.50, 14.66, 363, 661, 1119, 1528, 1855, 1804, 1868, 1788, 2629, 181
148306, 1142.40, 14.58, 353, 642, 1101, 1502, 1692, 1645, 1690, 1609, 1936, 135
148656, 1148.80, 14.51, 303, 537, 954, 1276, 1602, 1529, 1584, 1471, 1814, 130
149007, 1156.90, 14.44, 322, 594, 1057, 1427, 1736, 1669, 1711, 1558, 2675, 176
149356, 1164.30, 14.38, 328, 634, 1130, 1543, 1914, 1809, 1867, 1652, 3808, 245
149710, 1172.50, 14.33, 340, 678, 1212, 1660, 1984, 1853, 1908, 1668, 4655, 314
150062, 1181.00, 14.30, 336, 678, 1217, 1690, 1941, 1828, 1848, 1598, 5466, 381
150429, 1188.40, 14.26, 307, 617, 1115, 1565, 1836, 1730, 1735, 1489, 5744, 407
150778, 1194.10, 14.22, 284, 566, 1030, 1451, 1620, 1543, 1519, 1317, 5820, 423
151128, 1200.40, 14.15, 272, 542, 990, 1399, 1788, 1704, 1644, 1413, 6348, 447
151477, 1208.70, 14.11, 307, 624, 1140, 1618, 1926, 1828, 1723, 1471, 6471, 444
151831, 1217.50, 14.08, 323, 667, 1224, 1747, 2113, 1975, 1838, 1545, 6309, 424
152182, 1227.50, 14.05, 317, 658, 1218, 1742, 1993, 1856, 1696, 1420, 6354, 434
152531, 1239.40, 14.01, 267, 551, 1029, 1486, 1654, 1529, 1395, 1147, 6110, 441
152882, 1251.10, 13.97, 227, 477, 901, 1321, 1643, 1487, 1350, 1078, 5868, 421
153231, 1264.60, 13.92, 228, 491, 937, 1388, 1753, 1559, 1389, 1085, 5624, 393
153581, 1279.00, 13.87, 246, 529, 1022, 1515, 1821, 1630, 1388, 1095, 5409, 369
153931, 1288.30, 13.83, 208, 438, 860, 1255, 1332, 1195, 983, 795, 4709, 336
154283, 1289.90, 13.79, 173, 360, 713, 1034, 1525, 1352, 1117, 890, 4980, 351
154635, 1290.30, 13.74, 219, 465, 918, 1336, 1556, 1370, 1138, 904, 4998, 355
154984, 1296.20, 13.70, 202, 425, 840, 1223, 1540, 1351, 1129, 887, 4880, 350
155335, 1308.70, 13.66, 203, 434, 859, 1269, 1637, 1427, 1163, 908, 4680, 332
155684, 1318.90, 13.62, 209, 449, 904, 1330, 1706, 1476, 1168, 912, 4440, 311
156035, 1332.00, 13.60, 219, 472, 968, 1427, 1772, 1525, 1164, 908, 3889, 258
156390, 1342.70, 13.57, 192, 414, 852, 1264, 1462, 1237, 967, 732, 3776, 273
156739, 1351.50, 13.55, 141, 298, 612, 925, 817, 692, 575, 411, 2541, 197
157088, 1363.10, 13.53, 87, 177, 361, 577, 1177, 983, 768, 563, 3044, 226
157438, 1367.70, 13.50, 163, 351, 738, 1108, 1438, 1190, 900, 669, 3190, 228
157789, 1378.70, 13.47, 159, 350, 739, 1112, 1419, 1155, 877, 634, 3125, 223
158140, 1387.90, 13.45, 153, 337, 720, 1089, 1360, 1108, 826, 591, 2767, 194
158492, 1401.50, 13.42, 139, 309, 663, 1018, 1187, 968, 718, 501, 2347, 166
158843, 1414.40, 13.40, 117, 254, 547, 859, 897, 742, 541, 374, 1626, 115
159192, 1427.00, 13.38, 61, 117, 251, 424, 454, 411, 274, 193, 764, 51
159542, 1442.00, 13.36, 49, 79, 182, 307, 545, 477, 316, 223, 799, 55
159893, 1457.40, 13.34, 111, 245, 552, 878, 1350, 1033, 729, 463, 2382, 155
160244, 1469.80, 13.31, 121, 285, 651, 1049, 1315, 1005, 690, 431, 2154, 137
160594, 1482.60, 13.26, 110, 250, 584, 943, 1187, 904, 613, 377, 1707, 107
160945, 1494.30, 13.23, 91, 200, 477, 779, 867, 668, 462, 282, 912, 62
161298, 1505.40, 13.21, 61, 120, 296, 496, 647, 501, 350, 209, 637, 49
161649, 1516.60, 13.19, 60, 120, 300, 495, 740, 564, 360, 220, 742, 50
161998, 1528.00, 13.16, 82, 178, 438, 717, 1010, 762, 464, 283, 1380, 85
162349, 1540.20, 13.14, 89, 196, 483, 798, 987, 748, 455, 271, 1374, 86
162700, 1552.10, 13.12, 74, 159, 397, 681, 820, 632, 378, 218, 1260, 80
163049, 1562.20, 13.10, 59, 122, 310, 551, 696, 548, 328, 184, 1096, 72
163399, 1573.20, 13.09, 54, 109, 278, 502, 640, 496, 316, 168, 984, 64
163751, 1584.30, 13.07, 53, 113, 293, 520, 724, 532, 330, 178, 1081, 70
164100, 1594.40, 13.06, 65, 147, 382, 654, 927, 659, 384, 213, 1449, 94
164450, 1604.90, 13.03, 71, 160, 421, 722, 954, 675, 384, 212, 1605, 106
164799, 1616.70, 13.02, 66, 147, 389, 671, 849, 609, 344, 187, 1551, 104
165149, 1628.80, 13.00, 58, 122, 329, 577, 720, 530, 293, 159, 1422, 98
165500, 1640.40, 12.99, 45, 87, 239, 434, 531, 418, 222, 121, 1086, 76
165849, 1650.80, 12.97, 40, 73, 205, 376, 537, 417, 220, 119, 1117, 78
166200, 1662.00, 12.96, 46, 94, 260, 473, 686, 495, 267, 138, 1322, 88
166549, 1672.80, 12.94, 52, 114, 315, 570, 820, 565, 303, 153, 1483, 99
166901, 1683.00, 12.93, 54, 122, 339, 618, 828, 555, 291, 146, 1479, 100
167251, 1694.20, 12.91, 51, 115, 321, 591, 808, 543, 282, 140, 1437, 96
167602, 1706.70, 12.90, 48, 105, 297, 548, 694, 483, 245, 123, 1384, 93
167951, 1718.00, 12.89, 40, 80, 231, 429, 524, 384, 187, 96, 1178, 83
168302, 1728.00, 12.88, 30, 53, 159, 299, 467, 342, 163, 84, 1092, 79
168654, 1739.30, 12.87, 37, 75, 219, 408, 597, 417, 198, 99, 1250, 84
169003, 1750.70, 12.85, 41, 85, 249, 466, 687, 467, 218, 108, 1229, 80
169353, 1761.50, 12.83, 44, 92, 273, 518, 724, 487, 221, 109, 1060, 68
169702, 1771.50, 12.82, 41, 84, 252, 485, 646, 434, 199, 95, 1095, 72
170052, 1783.80, 12.80, 35, 70, 212, 416, 589, 399, 182, 86, 1068, 72
170403, 1798.00, 12.78, 31, 60, 183, 359, 477, 328, 149, 71, 999, 72
170754, 1811.50, 12.76, 23, 43, 138, 269, 402, 262, 114, 54, 838, 62
171107, 1825.10, 12.74, 29, 57, 181, 348, 547, 354, 149, 71, 961, 66
171456, 1838.40, 12.73, 32, 63, 201, 389, 568, 370, 151, 72, 865, 57
171806, 1852.80, 12.71, 27, 49, 160, 324, 423, 284, 111, 52, 590, 39
172156, 1858.50, 12.69, 27, 50, 163, 324, 481, 320, 131, 62, 763, 54
172507, 1860.80, 12.68, 28, 50, 163, 327, 504, 333, 133, 63, 726, 50
172857, 1862.70, 12.67, 28, 52, 167, 333, 502, 331, 133, 63, 715, 49
173208, 1862.30, 12.65, 28, 51, 167, 332, 497, 326, 134, 62, 708, 49
173563, 1860.30, 12.65, 27, 51, 166, 332, 499, 327, 135, 62, 689, 48
173915, 1856.30, 12.64, 27, 50, 164, 327, 502, 328, 137, 63, 680, 47
174265, 1852.70, 12.64, 28, 51, 166, 331, 503, 329, 139, 64, 664, 46
174615, 1848.20, 12.64, 28, 51, 166, 331, 505, 331, 141, 64, 655, 46
174965, 1842.60, 12.64, 28, 53, 171, 340, 516, 338, 145, 66, 664, 46
175316, 1836.50, 12.64, 28, 52, 168, 333, 509, 337, 146, 67, 637, 45
175665, 1831.10, 12.63, 29, 54, 172, 341, 516, 341, 149, 69, 639, 45
176016, 1824.60, 12.62, 29, 54, 172, 339, 513, 342, 150, 70, 628, 44
176368, 1819.40, 12.62, 30, 55, 175, 345, 520, 347, 154, 72, 633, 45
176717, 1814.00, 12.62, 30, 56, 177, 347, 522, 349, 156, 73, 632, 45
177066, 1806.60, 12.61, 31, 58, 181, 355, 527, 354, 160, 75, 635, 45
177416, 1799.80, 12.61, 31, 58, 182, 355, 538, 361, 165, 77, 647, 46
177768, 1791.10, 12.60, 32, 61, 189, 366, 549, 369, 170, 80, 660, 46
178117, 1784.40, 12.60, 33, 63, 194, 374, 564, 379, 176, 83, 680, 48
178467, 1776.50, 12.59, 34, 65, 199, 384, 568, 384, 181, 86, 682, 48
178821, 1770.00, 12.58, 35, 68, 206, 394, 579, 392, 186, 89, 697, 49
179170, 1763.70, 12.58, 36, 69, 209, 399, 584, 396, 189, 91, 700, 49
179520, 1756.70, 12.58, 36, 70, 211, 403, 593, 404, 195, 94, 710, 50
179869, 1749.30, 12.57, 37, 72, 217, 410, 598, 409, 199, 97, 714, 50
180219, 1741.60, 12.56, 38, 74, 220, 414, 602, 414, 203, 100, 718, 51
180569, 1735.10, 12.55, 38, 75, 221, 416, 613, 422, 209, 103, 733, 52
180918, 1725.50, 12.55, 40, 78, 230, 430, 622, 430, 214, 107, 747, 53
181272, 1716.70, 12.54, 41, 81, 235, 439, 647, 446, 226, 113, 784, 55
181623, 1707.50, 12.54, 43, 86, 249, 460, 663, 459, 234, 118, 806, 57
181974, 1700.20, 12.54, 45, 91, 259, 478, 683, 473, 244, 124, 838, 59
182324, 1691.10, 12.53, 46, 93, 264, 483, 700, 486, 253, 130, 871, 61
182676, 1682.10, 12.53, 47, 97, 273, 498, 696, 488, 256, 133, 871, 62
183025, 1674.80, 12.52, 48, 100, 278, 505, 725, 507, 269, 140, 939, 66
183376, 1667.00, 12.52, 49, 102, 282, 509, 726, 511, 273, 144, 955, 67
183757, 1658.90, 12.52, 51, 106, 292, 524, 753, 529, 285, 152, 1015, 71
184108, 1653.10, 12.52, 54, 114, 312, 555, 775, 545, 296, 158, 1069, 75
184457, 1647.50, 12.52, 54, 115, 313, 557, 782, 551, 301, 161, 1095, 77
184807, 1640.90, 12.52, 56, 119, 321, 567, 791, 559, 308, 166, 1129, 79
185158, 1634.50, 12.52, 57, 121, 324, 571, 786, 560, 309, 169, 1136, 80
185508, 1628.00, 12.52, 58, 122, 327, 573, 795, 569, 316, 174, 1178, 83
185866, 1621.30, 12.52, 59, 124, 330, 574, 806, 579, 323, 180, 1216, 86
186219, 1615.20, 12.52, 60, 127, 337, 585, 808, 585, 326, 184, 1234, 87
186568, 1607.40, 12.52, 61, 129, 339, 586, 817, 594, 333, 189, 1258, 89
186919, 1601.70, 12.51, 63, 134, 350, 602, 846, 613, 349, 198, 1305, 92
187269, 1596.30, 12.51, 65, 138, 360, 618, 838, 611, 349, 200, 1294, 92
187618, 1588.80, 12.52, 64, 135, 349, 597, 834, 614, 353, 205, 1287, 92
187968, 1583.80, 12.52, 67, 143, 368, 628, 870, 635, 373, 214, 1360, 96
188318, 1576.80, 12.52, 68, 145, 370, 630, 861, 633, 373, 217, 1331, 94
188670, 1570.40, 12.52, 69, 148, 375, 637, 870, 642, 383, 223, 1338, 95
189020, 1563.40, 12.52, 70, 151, 381, 645, 883, 652, 393, 229, 1351, 96
189370, 1557.10, 12.52, 71, 155, 388, 656, 912, 673, 410, 240, 1398, 98
189721, 1550.90, 12.53, 73, 160, 399, 670, 913, 677, 416, 245, 1377, 97
190071, 1542.60, 12.53, 75, 163, 406, 680, 917, 684, 425, 253, 1367, 96
190421, 1534.60, 12.53, 77, 167, 412, 687, 925, 692, 435, 260, 1363, 96
190770, 1527.10, 12.53, 78, 169, 414, 690, 934, 703, 446, 269, 1373, 97
191120, 1517.30, 12.53, 80, 174, 424, 702, 932, 706, 452, 277, 1366, 97
191469, 1512.10, 12.53, 82, 176, 426, 702, 970, 735, 476, 292, 1447, 102
191818, 1503.50, 12.54, 85, 185, 444, 730, 962, 734, 479, 297, 1440, 102
192169, 1494.10, 12.54, 87, 191, 454, 742, 1002, 766, 506, 316, 1545, 108
192518, 1484.20, 12.55, 91, 200, 472, 767, 1037, 795, 533, 335, 1634, 114
192868, 1476.00, 12.55, 95, 210, 493, 797, 1051, 809, 548, 347, 1673, 117
193218, 1469.60, 12.56, 97, 217, 504, 814, 1067, 824, 561, 359, 1713, 119
193570, 1463.60, 12.56, 100, 220, 510, 818, 1077, 835, 572, 370, 1729, 121
193920, 1459.40, 12.56, 102, 225, 518, 828, 1089, 847, 583, 379, 1758, 123
194272, 1453.90, 12.57, 103, 228, 523, 834, 1102, 859, 596, 389, 1812, 126
194623, 1445.20, 12.57, 107, 238, 540, 859, 1133, 886, 623, 409, 1922, 134
194972, 1436.40, 12.58, 110, 246, 555, 878, 1135, 894, 633, 422, 1953, 137
195322, 1427.90, 12.58, 113, 250, 560, 882, 1152, 915, 653, 441, 2039, 143
195671, 1419.70, 12.59, 116, 256, 569, 893, 1188, 944, 684, 463, 2196, 154
196025, 1409.80, 12.59, 121, 269, 591, 922, 1208, 967, 710, 486, 2255, 158
196374, 1400.30, 12.59, 126, 280, 609, 947, 1221, 984, 730, 505, 2288, 160
196725, 1394.30, 12.59, 127, 284, 613, 954, 1281, 1029, 773, 536, 2439, 170
197075, 1386.80, 12.59, 135, 302, 651, 1004, 1314, 1057, 802, 559, 2539, 177
197426, 1374.20, 12.59, 138, 307, 656, 1007, 1343, 1090, 837, 593, 2622, 183
197775, 1364.00, 12.59, 146, 324, 687, 1044, 1342, 1102, 853, 616, 2619, 184
198126, 1356.30, 12.59, 148, 325, 683, 1035, 1348, 1112, 872, 635, 2766, 197
198481, 1345.90, 12.60, 153, 335, 699, 1054, 1388, 1151, 917, 675, 2927, 209
198830, 1338.80, 12.60, 159, 348, 720, 1081, 1366, 1143, 921, 684, 2867, 205
199179, 1330.60, 12.59, 162, 354, 724, 1088, 1388, 1167, 950, 708, 2900, 206
199531, 1321.90, 12.60, 167, 367, 745, 1116, 1387, 1172, 967, 723, 2941, 208
199880, 1310.90, 12.60, 171, 372, 749, 1120, 1433, 1222, 1014, 775, 2873, 202
200229, 1299.60, 12.60, 183, 395, 791, 1175, 1499, 1284, 1083, 836, 2993, 210
200583, 1286.50, 12.60, 193, 418, 827, 1222, 1566, 1349, 1161, 905, 3188, 223
200933, 1272.30, 12.60, 206, 443, 867, 1270, 1613, 1405, 1229, 975, 3310, 231
201284, 1260.60, 12.61, 206, 439, 845, 1239, 1589, 1396, 1240, 997, 3356, 236
201634, 1248.40, 12.61, 232, 499, 958, 1380, 1747, 1530, 1385, 1122, 3915, 276
201984, 1240.90, 12.62, 247, 535, 1017, 1447, 1765, 1559, 1411, 1172, 3932, 278
202335, 1228.30, 12.63, 255, 547, 1028, 1453, 1816, 1607, 1485, 1244, 4389, 315
202685, 1218.10, 12.63, 263, 554, 1028, 1443, 1793, 1610, 1503, 1284, 4378, 318
203038, 1202.00, 12.63, 284, 591, 1078, 1504, 1872, 1701, 1620, 1413, 4684, 342
203388, 1191.40, 12.65, 294, 607, 1092, 1521, 1857, 1701, 1647, 1445, 4656, 338
203737, 1178.20, 12.66, 311, 641, 1136, 1576, 1973, 1814, 1793, 1587, 5064, 365
204086, 1169.20, 12.68, 328, 670, 1174, 1619, 1972, 1834, 1828, 1646, 4934, 355
204437, 1157.50, 12.70, 344, 694, 1201, 1648, 2030, 1903, 1921, 1759, 5199, 375
204787, 1145.30, 12.71, 359, 714, 1219, 1663, 2044, 1941, 1976, 1851, 5239, 381
205139, 1131.70, 12.73, 396, 780, 1313, 1770, 2183, 2084, 2159, 2062, 5811, 426
205488, 1118.90, 12.76, 411, 794, 1317, 1769, 2174, 2094, 2203, 2133, 5822, 430
205837, 1104.50, 12.79, 449, 866, 1410, 1878, 2288, 2216, 2386, 2344, 6300, 468
206187, 1095.70, 12.82, 486, 932, 1493, 1973, 2359, 2294, 2520, 2464, 7038, 530
206538, 1084.20, 12.84, 513, 976, 1547, 2036, 2445, 2398, 2663, 2642, 7304, 557
206889, 1073.00, 12.86, 571, 1064, 1654, 2161, 2540, 2525, 2829, 2887, 7505, 596
207242, 1063.90, 12.88, 560, 1021, 1556, 2039, 2543, 2543, 2873, 2965, 7609, 625
207592, 1051.00, 12.91, 648, 1159, 1736, 2250, 2775, 2801, 3228, 3364, 8593, 750
207943, 1043.80, 12.95, 675, 1174, 1729, 2235, 2712, 2766, 3196, 3381, 8164, 758
208293, 1031.90, 13.00, 732, 1251, 1803, 2322, 2704, 2795, 3253, 3485, 8221, 876
208645, 1021.10, 13.04, 834, 1397, 1985, 2527, 2944, 3075, 3615, 3918, 9119, 1160
208997, 1010.60, 13.08, 930, 1518, 2103, 2663, 2972, 3143, 3709, 4069, 9185, 1514
209346, 999.40, 13.11, 1058, 1665, 2243, 2812, 3157, 3386, 4018, 4451, 9917, 2741
209698, 998.30, 13.18, 971, 1440, 1908, 2374, 2931, 3162, 3703, 4185, 7983, 2904
210047, 998.20, 13.31, 1069, 1597, 2121, 2606, 2929, 3157, 3697, 4186, 7755, 2857
210398, 997.90, 13.39, 1136, 1727, 2278, 2831, 3266, 3518, 4178, 4649, 10240, 3886
210747, 997.50, 13.45, 1288, 1981, 2610, 3251, 3606, 3867, 4632, 5092, 12594, 4811
211097, 997.50, 13.50, 1405, 2185, 2886, 3607, 4056, 4327, 5231, 5703, 15123, 5753
211447, 997.70, 13.54, 1452, 2304, 3025, 3800, 4304, 4534, 5531, 6066, 17492, 6891
211799, 997.60, 13.57, 1581, 2547, 3338, 4102, 4625, 4854, 5869, 6578, 20961, 8562
212149, 997.60, 13.59, 1649, 2535, 3385, 4067, 4612, 4913, 5717, 6605, 23857, 10077
212498, 997.80, 13.61, 1817, 2734, 3664, 4365, 5051, 5487, 6311, 7295, 26678, 11068
212850, 997.90, 13.63, 1887, 2794, 3791, 4539, 5300, 5725, 6753, 7562, 29299, 12027
213199, 997.80, 13.66, 1874, 2894, 3855, 4784, 5206, 5558, 6775, 7442, 30268, 12416
213550, 997.30, 13.67, 1581, 2460, 3317, 4028, 4282, 4589, 5495, 6143, 20679, 7903
213902, 997.70, 13.70, 1417, 2060, 2792, 3359, 3522, 3882, 4519, 5100, 13343, 5298
214251, 997.90, 13.71, 1378, 2003, 2711, 3298, 3767, 4141, 4784, 5535, 15682, 6684
214600, 998.00, 13.73, 1186, 1742, 2346, 2825, 2405, 2603, 3043, 3507, 8661, 3575
214951, 997.80, 13.73, 889, 1230, 1703, 1994, 2953, 3230, 3735, 4287, 14206, 5495
215302, 997.70, 13.73, 1465, 2280, 3097, 3615, 4027, 4306, 4999, 5915, 16892, 6780
215653, 998.00, 13.76, 893, 1385, 1881, 2214, 2053, 2131, 2663, 2920, 7301, 3082
216006, 998.00, 13.75, 1069, 1513, 2126, 2410, 2616, 2859, 3354, 3797, 12568, 4961
216378, 998.10, 13.77, 911, 1352, 1803, 2199, 2318, 2636, 3070, 3448, 14471, 5682